Matrix cols: 2
Matrix rows: 10
Matrix_0 shares[0]:
3814735029286529458
-4934830303731667089
5499405279277086173
3808037155902899714
-1844128386922765375
-6872953476806942298
-1581082715311357969
5548843202665261325
636302855049642262
-8496405323340820593
Matrix_0 shares[1]:
-505816242793727180
7015272525000254045
8353113375613224733
8536673485078621927
-4639132214167476343
-815928960048657106
9049889759726282616
-5589538137998268872
-7363011075183951043
6980443985585747148
Matrix_1 shares[0]:
-9201021908068106208
7067498310949466625
-6122281972500673368
-2553588769478828288
-4480165784342774972
-3253120139045593640
8256769526307581036
211773702011397845
1064542270188428185
2984053954133354478
Matrix_1 shares[1]:
5631277453824418311
5409316672414798360
8976507221261515169
7685548435962839236
-3363389291291288886
5240975409958831723
-8594722912977358035
2523564948213817660
3116904281833609304
8959930804279983915
