Matrix cols: 2
Matrix rows: 10
Matrix_0 shares[0]:
-3308918786492802277
-2080442221268586955
4594225418819240711
6102033432728029977
6483260601090241720
7688882436855599407
-7468807044414924643
40694935333007548
6726708220134308782
1515961337755073448
Matrix_0 shares[1]:
3814735029286529458
-4934830303731667089
5499405279277086173
3808037155902899714
-1844128386922765375
-6872953476806942298
-1581082715311357969
5548843202665261325
636302855049642262
-8496405323340820593
Matrix_1 shares[0]:
3569744454243687902
5969929090345286697
-2854225248760841799
-5131959666484010944
7843555075634063863
-1987855270913238076
337953386669777004
-2735338650225215499
-4181446552022037442
6502759315296213229
Matrix_1 shares[1]:
-9201021908068106208
7067498310949466625
-6122281972500673368
-2553588769478828288
-4480165784342774972
-3253120139045593640
8256769526307581036
211773702011397845
1064542270188428185
2984053954133354478
