Matrix cols: 2
Matrix rows: 10
Matrix_0 shares[0]:
-505816242793727180
7015272525000254045
8353113375613224733
8536673485078621927
-4639132214167476343
-815928960048657106
9049889759726282616
-5589538137998268872
-7363011075183951043
6980443985585747148
Matrix_0 shares[1]:
-3308918786492802277
-2080442221268586955
4594225418819240711
6102033432728029977
6483260601090241720
7688882436855599407
-7468807044414924643
40694935333007548
6726708220134308782
1515961337755073448
Matrix_1 shares[0]:
5631277453824418311
5409316672414798360
8976507221261515169
7685548435962839236
-3363389291291288886
5240975409958831723
-8594722912977358035
2523564948213817660
3116904281833609304
8959930804279983915
Matrix_1 shares[1]:
3569744454243687902
5969929090345286697
-2854225248760841799
-5131959666484010944
7843555075634063863
-1987855270913238076
337953386669777004
-2735338650225215499
-4181446552022037442
6502759315296213229
