Matrix cols: 3
Matrix rows: 40
Matrix_0 shares[0]:
1346951827778144603
-342701676920539763
-5387711886538154862
-3104859949951804264
-6153483242818161116
2994232805803378320
-5024213488973154858
6334447227764794359
-2935955551966774927
-371187351625849177
4332348171082869390
-6437818557992510677
1658336936206675688
7824505982250093122
-2116292594429534295
3112033684449570828
-477151740409221797
-5175870887462808206
-6668091894281667546
6415874284132931146
-864834050565355979
6401061993103535040
-1838655378804713599
6105063914656524324
-1190698571900527222
-3609056177144920430
9133427835715134530
7581230208737739798
-5944586454503247403
7679675848149948110
-4110177011885315591
-468389455905497557
1973762993956305906
5498702602257718543
5373328552524037474
3416778009908730213
304185694439270863
879215528526989571
7840775132663899867
3648034851607630698
Matrix_0 shares[1]:
6839575994391902893
-704498334678704153
4648364652495642525
-649674868046124052
4020210087933971167
-8777128977139681374
-3267935120312631388
-5104466632694208104
5701763168178807930
-7565109412858898526
8708456184075918921
5099414329492517682
-7782234649047474436
-7358884078317528376
5006617499086223397
-3842821959931590863
12906270778906317
8382460332258795128
2883429536597437732
-8342010652291517420
-5192732131832091560
-3072034826417684970
9036201732470715736
1702021644975741699
-331797599276351138
-8070737979944657345
-6576817366919989380
1426654890855122825
-83600118318699436
-5444183223242938192
7703247042537199560
-2577684768471193505
8384346719567898652
-7539962592182461340
-2871458139539401791
-4293173058042602583
5842360979239460781
-5127082718386518682
-3569641769362463408
-638858828660833851
Matrix_1 shares[0]:
4918454443818261435
-4247349021777420877
73219767023876343
3408103988910575807
-6128553193137235041
6027848681544026852
-6289733167397760918
-4605199666651573768
6137189565033450157
4447358226907058038
-6268973039946919650
8694863554840509728
4502941490109161824
-4305599888950995187
-526106555105054847
8140320552956392675
-2349800305907833761
-6248748983176055046
6340329408972891659
-5407115064238407635
-4828415527988766586
3768956670966486316
-5154435277073973171
-6028788834115498454
-3796743621300003203
-7617934170620685984
846117845812968645
-6680263057001386367
-4363179193664509957
6191280679383961189
7363305265439859175
-1199845797459709694
2721055131716062146
-3703698113627370402
99016569913617954
4995159313017106229
6203852339216072918
-2027308695576989731
-2873756782799154426
-6910479341866447984
Matrix_1 shares[1]:
6110509554339425954
-7432202003550096849
7824872238762536557
-251320778825452515
-1005870548872912878
-3109540346442686670
-6094691145754371802
911384267734315882
-7453815995714349020
-953548164037772861
-2706477423369738622
-5976093182461612141
-1730388492740788327
2229461734761298934
8260898417377591573
-1160004679659970205
-6034655798784641546
7479023915549849558
5553880145077587640
-4250253864631378234
6101443799969389426
847569664296152729
7571550196938431497
3703778957252065278
7007584984047920449
-4348132809372889746
7812201313665069695
-2009233944266631830
-3749008243276336959
1739834003758321352
1114278213106041217
7222848243750674518
-8878312115800979243
3560192766693419431
7485383311074707298
-8829745592204605910
-3183873241085557310
1459667553777894166
-7526445357549973880
-2066542509153327610
Matrix_2 shares[0]:
591520753329794504
-6026010106123537671
1415527615256912099
-2138793609291113993
9010633494709581314
-6059956159465282367
396122123347431011
-7739476371204186902
-5510028561871143236
-5983714571837562969
1329150899024516830
-9067556362994646688
3095798952927668833
-8409243437910738172
5645451124324567318
-9145753496916957383
-6643511736901342351
4674256129580920765
453857542155484374
-6724395540193990825
6885925239097364016
-9105069246740195111
2005086045582758575
9135996861975271017
4317562624480586820
-2282673295487614027
8238763101267798257
-818398802156446210
7893006451632610422
-7803703470058191462
6621432577825376602
-2043820457175519519
-7407448209550195337
-5094896003973229539
-6312743672328340143
3296495033315992314
5543252939451256521
6671218352096608695
-5214300640069619996
-8593791020343442092
Matrix_2 shares[1]:
6751218388705567051
-1739867997634278388
-4940831864050131105
99319290342544021
-4298376471464173599
2931074156364661771
-5998412900519976322
-3108264786267372232
-3363676921648132080
1206123817856716350
-7473878398720492836
9135523462901683655
-866398559247170075
-3270148846578074863
-4332655369350520397
-7930150825595944689
-6758885501341829939
-8004651009004688893
-7743685146087524326
-7541065341927609292
-4090450639912911003
3650384730916537684
-5896652748375971696
-601017249636651578
-1748476170664125140
8291458847188770943
-3041434790330831046
57666881589004560
2161155344085432941
-5895590309554778982
7736371754410256871
-2411967771941810874
-4528754520237926232
-8578296984740704269
-5307328597265249286
387262051723015155
9153871244565496576
-7537378088191502465
-7401501668823242630
1439415757700149767
