Matrix cols: 3
Matrix rows: 40
Matrix_0 shares[0]:
3363203558905423966
-6637956950919224692
8288516051075491557
-203353903695803881
1905289391862036736
-2331537771721120107
-4964374565186366411
-3137066165749540449
5347804835840409999
1149812322567051039
8758493141916123380
8779868052354135283
-4672301678964028549
6884156832676352334
-8638396076577439125
-6171280458096401502
1422492081123307819
-2479257752478051150
838791168024375783
906780174537172630
-5728402860686591528
5786362742300304924
-1652258974162225104
6632365051785664633
-4620321071213902573
-7404756422403734871
6180382271404267754
5527180299524222040
-8526752115420540240
7546843049802054767
-5952941740150213154
6914026770881095353
-9214645233876100830
-4010024058495973740
3816356293821994143
3918872396428351808
-7314278980524390610
8513775478207108306
2863423295345866155
7500840731051622811
Matrix_0 shares[1]:
2929045477663878645
6403876454331824060
7605728412047264124
-2190508205301925769
4937426375750207040
-3090521864831112676
3183672019716627335
8924789761291149882
-4955515175396370854
-2149384513555136701
-3643824105468205806
3100373220031447161
272821752012841344
-8626173193692427382
1166728374959379130
-6422102064481589898
-2196446822949335488
-291720350927765042
-77054514836867911
4468918364735836856
-1310714725310396641
-2716075842361787880
453666258284434355
3778349690955636671
4657453278829067734
4388918152614009843
6284964560976851225
-8156323022280522367
-8406593324260786110
3195642642226006062
1030639522928484890
-7197518643664136783
-3469038452308165444
3034322756346500054
4313982317250454391
-1437248643805067769
-6242246305372745256
-4861988079381395600
-3575369423531950277
8183012974830454863
Matrix_1 shares[0]:
2023013751873231454
-8179114125490895412
-8490540945155812819
-3073536683486110023
-8087182632025215025
9042062532818581493
-4621137801133057503
-5957375445065841103
-8243542725710880923
3618323465878484593
-6129900652297190371
1094411247661647016
2078099013047390943
-3558159952107377046
8762384016985491289
-7788244683688977129
9084157168648700371
-4065796529859875413
3218041015607019289
7239383299898658443
8622378254062911178
8742424053846735631
1837149270549585955
-2626572937487397313
-3282892177082719562
6518775746379139711
-8124727557075945903
-9121101304061064910
-8426578663437757748
3994276076746111166
542862639845092835
1704560333622482484
-6684299706544484315
6705547517360525182
-7519247749634845097
-2592659004261524777
5727833039044023569
5371376615290970055
5614553690217068639
-6374523114488798979
Matrix_1 shares[1]:
2340349691478402729
-3420805880890239648
-5236686521503989815
-5705673175729978622
-7139096309860862519
-4695560683944468553
770690779622489701
1463480087666802232
8712954619791318131
-1756949957381372149
4419665765280888952
5929520690896318093
7670280556257595052
-5606303614955809572
8205934724218417855
-5114011233987492666
-8503405383422048190
-8520476315882076234
6470032437089421254
6542902475575434039
384765734860551366
-2627182433768172083
3412592121977849479
-6173997749084346646
4070651040829366181
8040459202149675999
4397210371524212711
-1552496919856829119
475677329601541020
-5812090409293165256
-8626291182015836583
-7555436352841133694
4601027219626687240
8433895095715151416
1317334381340422186
1540509327551740898
8827084514344726650
-7634640298201485591
7576377242306731
-5993484025269445629
Matrix_2 shares[0]:
3356366513010053015
5715058627452927065
-1083485399828636656
-3444931600541498336
978383715514239026
-6456117847109037834
7281862816459706156
-7798287272443147929
-4366523985766891497
-6393497504259578344
1053755502453302455
-1855077578669843893
400141723401446604
1130411501528876497
-888500161947445032
4931977114264162235
-338700538019933286
8282763700965414471
-6573587008797747614
-6910954475898269888
2451022775325044079
-7987693749002026900
-1976534545058589677
70425842707676943
1736464024352002674
-5954667889871922327
9142176801686904072
-4586398996947344639
-5977785017332860307
8462595518723080417
8468938481987780115
2597408296516633483
2166498409222432782
-3944548816692118365
1837792349767990820
-5820587356305318728
9219709670235309088
-5247482410813817016
-1968972088061281005
-159763713010072967
Matrix_2 shares[1]:
-2719039365410101156
-8598665760139637386
-3317478373791826867
-4427488753483982851
6483097030987824913
4129099043185309477
-5677384974258461669
2816371799633377105
2685458243111297512
-1917474469750918049
3706779347094086571
-6311017521201163664
2438298210308291518
-4717584116362444203
-7188805981770929161
9054190077409298579
-4087880530361628777
4890035631632811431
-2389099761025397013
2726805020723646229
-6739702151199148031
4244911240110820181
-7600722840176309223
-2015003840129471702
3606258061035232669
-6572438104486972738
8726605874532109682
-1806387847507429972
5838641960012961508
7859054736899145906
6532542791146590098
-5867662037026989097
8078406282928878721
3627205602299356497
-1101458502946461637
6818468863020042270
8060790899325193529
-7187657841335300940
-2031281600457073279
-1205285401468299641
