Matrix cols: 4
Matrix rows: 50
Matrix_0 shares[0]:
8075418307543733702
-8012220804498578666
782834284059943844
5048266848309651068
-2524131381464416967
-5050855817614375896
8441766792714598481
237223966685504937
-4050465287351711141
-9059347153945972001
-221729239606219222
2461731011572446775
-7397901053177566351
-8507530873301203811
-7243636565965454229
-943789969384674699
-1447956464756520412
-6607071381872011293
1105812019127312646
5564735538882306185
3196655928098091073
3779726825348683477
-955831157529985960
8024455344597592326
-4452429058703299358
3044079479966171818
7050035199325743550
-8652050517607384856
5895358846616105230
-7964240243485880524
-3034169319633414320
-7398510179163182459
-431873502668522872
-7211480380733857210
5688517314603576411
237475337159419320
-2555086228615357705
2119978796391227305
-68192420377872191
6157461743298800735
-8794452262446790819
319275439621189668
5958383725214858671
-8020244962002871901
3115564286297242716
-3525861516567205338
-5616382390208481113
-8213548743867854493
7004817817034974624
4493634387103117285
Matrix_0 shares[1]:
5181663620499503981
-6056543382232327419
6302854892813087268
-617918465755653277
-3147259344759831205
-2873840968412927020
6490346753794657510
2707567326151172645
-1474109206256446590
-630949014184197767
-4895920063422560723
3537686785197147186
-4507536678761157772
-2098313818961901301
-8201460228726138196
4394464627878904972
5671812771474405448
-6574599210641828132
-8325091002677802275
-6209589560396167881
2391164940164368146
-3024333455754419198
6847501917464429626
-4010711037564408881
6164827593021940143
-19595233606285099
5267661293243067685
2018538957124915613
-1783547397252211043
-6839101169138127877
2443351659943220409
-1832724846516880489
2561798245886354252
-311269619504917175
-516621410861189884
-3045414569246290309
-8279757281307206133
-867100045222654345
-7482127239289324686
5046363538424772441
-7084754773545411187
6926753802315677815
7811301566768637761
2614156807054328924
-64169957433145091
3318700000709113348
-5029524499877427784
-7227838950537977675
5446538322570376637
7503481241095586294
Matrix_1 shares[0]:
2249044952385584748
7383259946496863557
-7453397344871479597
-2698311549616145923
3352817261547199240
-6983825937374726906
-8059993034500945374
-8655201734981782580
-1957251364559646236
1020054739725021820
8811466936030215700
3626046166723032497
2058635738023640412
5107541156116880
-2056589197478336666
-1958319791461700553
463834351540078767
-4192716780144051537
8923936518250536075
6998881394701461693
-6565520223517707211
8103570957283053274
727722128675358293
2029485739611525451
3702530153208453354
-4214247718592292130
-5886871269728809799
-4026064358792063485
8233164412844332314
7494568038447641779
3859327626226951126
1225205546294236880
-8761768356370543365
-7787608930535243227
5917718897642946992
8117536678178720133
7717099779480185321
-4866498558406271565
-6973859238921828511
4181362269210710095
4394508498913292665
6658192810753374600
3939216579988729551
-896391747255120871
3972121292659847107
-4441466023084036833
1555598717064927888
4931782933140651882
198430383363125913
-6159495996355097784
Matrix_1 shares[1]:
4257158878154566420
8920549555747005719
5946495733710022777
6873047518178732678
-5505724623650440221
7592628738799463354
-8350739102138033207
4146365897519397046
5538601733172162630
4719758625415621658
-7359179654744886687
2885741260313399509
1306246465617197574
-1745926707292028881
4187530144666680505
8389942985456570727
3617182324234720680
-3087525002142828365
6595805820297581058
6422735097615027659
236142610782595634
-5284972135614013182
-403088533954392000
5154545283313128391
-2337651045438751403
2318870521105978840
-6384476009219439439
8390546048674564233
547825150584292425
8164466281262706633
3032100970300518101
-8771451751613368686
5811254286435571032
-4216026846443618047
2017317016326292044
-1659695605986997496
-8720685958297745013
-6622697881348746936
-6409321360786256210
4405655651245600397
5706714080837252244
8520161140699615208
-80855534522665455
-1830341337990937890
-2078858120556133483
8693707329967131107
2538807289372756665
-5350456491150160116
-5920315956803332618
-5773860953032372527
Matrix_2 shares[0]:
-6309654249275217455
-6259697665674235108
4983915207659477025
-860553207741782553
3847429322719465683
2217577746574046854
-28290915012832096
-1291571814970148277
-3079545195332253270
-8066286888299226856
-5251869594997858955
-3244895300237989207
-3895909569781923269
-8462030908730655724
8946548880685690324
-5030285206466107143
-1309989811381075433
-5795477335028167135
-692543659260454564
8789353105713944601
-7310368081709789567
4809164538333161447
8077616231052806202
4576796837339009487
-5205715566281662354
-2941982169951850289
-4557933304844654770
-3264561361877483724
-4043492580714529570
-5132871783529941452
293135681467982258
-7978867358184737377
-2843852085623339682
-7447499916700997669
6124924200721509216
-2142479280843503629
-989586640069155018
-8531493360256042075
-4803624539067470712
-1305707507516855748
1273928345961169863
3030141014149942142
279293782612072069
3069929878283626868
-6814198175911761128
-3697216480114772462
-8791099179292512435
7933336895217672134
-1172394562401016979
8630119049572548525
Matrix_2 shares[1]:
246919471525437397
-1546810084116005448
1265972482811961720
-5913139125882519854
4181058876803742994
-6364228688369526213
70781139619547193
-4852629238333330630
2738762079067379109
-6054996564634186152
-4466223581915393942
6667761800495892334
3860133512895489999
-6846014838280558208
681833088859414319
8337799329078633353
-3367061629924017408
7237039665695785605
6377316214444045452
-7554349079991761977
7397641650679692025
2523364415604551811
-1141481719347805189
-2659328117450111819
-7092878561113330373
4436745244353565838
8812958085286383845
-6758876003654828881
-405739420837700261
-2221816586858383272
8431351755121227335
869985559022126150
8195539620953371304
-9054679465083915713
-4779286754484288034
490359262264345405
-9175131098865902421
6956604529129762683
-103434882262525207
7210457977126991627
-1991743160106907780
-5400703142983928137
-7425004674634142642
1457606967357282865
9180901208881072800
-7146031748755509411
-6463569322278529360
-7517185383047858161
-8178366996496795190
2343056036711098186
Matrix_3 shares[0]:
-7898994544285527857
5117744402247912987
4533484930048523961
-8066461163118959608
-1007437289875318795
-5850788690149753391
2740866944396348758
-6045441932221115279
6745573545084796917
-5102229005704593849
-7718554259538820296
-7357547003864036860
-5331036473745741117
5587004080680987296
3282855665004814710
3157178388398753066
-8313422555375686706
-7587313306655646635
-4598559669128061845
6202410748029790198
1750287367702311946
-2476689514395523988
-8654921568039213077
8989210865079129674
-3605905073050618151
-7535295678152525295
-3069526874148407435
5666562059514547808
-3767966630273376576
-2088950876028435776
864656846380019719
-2511420446905746258
95766918113282831
1619367396120461576
2435562834073990718
5717636098559191093
3185599221276175095
398005912526630121
-7944483034606328433
-5836220432341222809
-2319440220457538383
1662520726103429919
489117175300369856
-2645484799650416216
-6983993094360526776
-4000582739280799530
-8175050723323560515
1958888299843710269
4694734316434870326
-472687583889161620
Matrix_3 shares[1]:
-7107618660649042217
8690783250000862824
-1421590447161277958
-6138364776205926629
-7694673232715125515
9188945233230985635
-593245567114041438
5742635369621160403
1408727541152056703
6146174586811362010
-5133037861960716411
5439576807501433471
6741727844378717494
8625323059521517011
-1452284282955330439
176519065208033582
-4613783428865450551
6498181452439714604
614781866239338173
-2350127912637343983
7437031650659264328
2426308651772212005
4302060589962614811
-283883008590677024
-4764200267058584650
-3278374111024914308
-3541467291170999636
5918745395724735280
-5330515892412875830
-1040864571596998445
-5583801139972260760
7689165639076981379
3363662140695591565
-2094440115033187647
-353715589329331366
-7837131771389662228
6503353848962106396
-3055403774089589769
-1651662732788957144
-106220025976145142
-3824588335969300348
-7150786968595457581
-1670924637594497138
-8358297168470642252
6398845793648143363
6335084614670965262
-1298370898546871428
-2608057958441453712
-8656207384275704133
7739072021002391398
