Matrix cols: 3
Matrix rows: 40
Matrix_0 shares[0]:
2468119845321683188
-4219523132837231126
2063408611541298065
8315957471343099889
324973498538292864
2516137019895112048
1240288180009621927
5789808588194511352
-1223670281029443841
-3052591258513779224
6326130277150516717
7504012844736935411
-2126532671679541993
-1189234377229102302
-6798332011786139529
7906453836219190970
-1440193481584673168
5275971433460557137
3982301511399107767
-2257961865364722705
5792433546890280375
-6160111126500755326
-8551307214287049595
6574271850639206387
-8115555443961015914
-6702510360664117539
-5192328184350130891
4688067178496365790
-1197886033416096912
3424093363586234168
-4757395998922391325
-273704355390226201
-47133058060105337
9001317495157392985
-8823741407487696221
3109977520837303272
2365377634986003061
-3394001674290580913
-3987317518137603308
3543651027938504024
Matrix_0 shares[1]:
8504210559065273915
-3424030243682056806
-8205658835155658239
3017999656030356946
-255082752295910609
-7942704439870290537
-3120143706913326013
-605960721156193645
-3024999723211857967
-5729358523396412489
-4139082559468637003
6811931154680749785
3747815744646719148
3796651194933070897
7842472524123862775
-6998558023200697082
-3550460975057687907
-7121848786110363401
2962006234328115881
3491978753461211583
-9087799570689831998
-2769976546085051139
-2938852872466649947
-4635890349739380309
-3749480219746182203
6302149806165807244
-8926205648408098282
1324482911463338384
-92840537053993994
-6876613575000090691
9054305652733682508
6693805028210847939
-3559003579863432549
8863192799260437782
4341649243002374235
-8951776899137602608
-4047525274144911705
-1203934959692672851
7985355020314071058
4180931877856839643
Matrix_1 shares[0]:
-1332690551417413422
-380048720237046096
-1113238778802473481
-798509345690064602
4645519791909333283
8665579415772091595
-3974307669262026885
3304608820090352633
-2729424301867830950
1825401086947271534
1862301448174825351
-2432119072395272214
2211005334830302422
-3494038090683696912
3684863631696466372
8648706654351659475
-7889600158246531074
-1399617817731701573
4082627036902056725
864238099000447560
2184749172719728929
5279586555042232357
-7941374641203209273
5889390500880481277
-1096944730621764027
6509379154178306895
7167635180860112495
8329922705724091474
-3420026154080360487
8479125494593372391
8001795746010882219
-7940566576638671455
6553215017980006177
3995104279425195208
-3775312559381576450
-2918651306998080556
-2964242494852007549
5293974126311261154
3128982154564288845
3192763337525816434
Matrix_1 shares[1]:
-7892691733425698841
8488741514088151638
-3838478632951558165
-3416580554819888855
-6190147219062370383
-7193553751086975116
3634803572910140455
5519735950796411387
6904229025851620322
6956595961341153122
5336765930873012481
5798294520970335802
-2245968948539052759
-5964052738898211868
-5928657964132407122
-4204249871718511147
-4560428879833091820
-2284126286443216344
3026177870125986264
-6790390268995750944
-5856378747742985515
8874201273243677366
-540394496483539759
5091735794403339056
-5351386394050218109
6048888835927505796
-3459785650223970555
7276083443117223564
8090800967433446428
-4899890999600781827
-2294886142381799509
6410528811479981938
-3904223793241472972
7925292942925852015
-8450380629304715570
3334782102142511293
-8316394916454678370
-2357516043248071685
8221944568413684395
-8363118940948727822
Matrix_2 shares[0]:
1015215726126748016
-6682476958571618300
8873638346782549843
-149584422368099072
8463010341066421720
7089938329074317500
-5566608342897867143
1529442780133715366
9044731524693946664
-4180577983997957295
-6612429983734500802
-1299759757367801295
3332535611652494269
2382551872402784574
8789522957990104895
-2437654217481133647
2938996430529308770
-3426064615559803302
4036212037695457234
2621393224772043616
-1562612264155185296
-2572593070968557877
-6927772682925863435
6135800655766132049
-1574481902563285375
508000339409692895
5309033258699553351
-6273232943989988919
8676319375930989881
676022479875819244
7687973189456516146
6072551457569342895
6911312286765625518
-5290367181571933710
6920767293107122636
-555722645055508088
9209425164311893688
4718550476369537119
-9063773266192258121
6283978302831339619
Matrix_2 shares[1]:
7312981751527892466
316456972570483511
328423980798720272
209012326959436329
-8232014569366818991
5735042077988649274
-2346369594502705941
-9205977250567878010
3456670372055256336
-3148355628689776265
493745572046303378
2992490640022351294
8829594468227124209
-7610704487496905360
-7182061754285172102
-4630128061488491428
-5245624394862004761
2765029460476241327
-8224961557610367561
-2183333141213591157
-4260813508894992792
7806476089285047027
345215881964277759
9217645030667938467
-8334018988593366910
-2286342580376675350
6216619721593155519
-7628140770491940865
-6750519035439387277
-1465350554499569519
8024485071599485103
2567731124119554640
2284036160974047204
3390429648271710907
-1475068275610707108
1520983071238743933
4638189041032310835
-4810997663898632547
2115900534683593700
7431998748354624558
