Matrix cols: 8
Matrix rows: 50
Matrix_0 shares[0]:
-7808028876721363989
4120939579347085920
-4311120940031688859
4097458665698289234
-384223152872994461
2076149998634398653
6783260031133322561
-5956849769058222706
4757626799200982054
-6803980457128749610
-1682839917162778931
-27513868412910093
4716645090510467401
-6880434437950190674
-2246195051365011045
-5678868696032543364
-1260612690363144260
3730779396107321770
-4648249012967691786
293688687552600282
5166124223915381113
899142176580953765
-2731631352109644954
4509570793190355187
1070831366458790803
-2503513944650909412
1163295360696331199
4007501372745264530
-4689892454117688440
1159242390045904840
-8696662957943638885
-6717898514447506364
1052165971131010778
2142522135476746731
4420951007141711703
4114597686419739189
-2665480019185457321
5270130429715412220
-7403319177974066044
2681637690741554861
6233627649532343417
-149584734250902090
1888240576887028701
5018606091358070683
8230134429971988374
8324061199172259957
-1951510748756458635
-8715723874567797097
-7717220791040978589
237924809233322097
Matrix_0 shares[1]:
-4346586254124886864
-2626634267821117700
5442383965857550819
-7629224926315965080
746371456004576972
6046833271584384207
-1697792326880293378
-2992932833005526238
8474288530076294990
3110603261679459937
-7520328710694022768
4334487371256402299
6385737020358713417
8488525431197067904
6027030385175421371
341106047339475961
1996530509929020914
-1531988333312862085
6703267568102461911
8986535917937468631
-2651120862685082976
6134382665674388061
3505967234220553565
-2758492016284824152
664537690393667081
-2758903296015917037
8357284130981492394
-8238347308259011458
-5223801062995790909
-3838925862649356173
-5301029483215017225
-7719174764679438220
368290293203073418
-5274049945667321184
-803352071368686485
-7318807283112650378
4809151720477526404
2767488990014531723
-1679641820965397230
-6374260161548211832
-2250026889013470179
-718807973571802006
7759325699599186262
60680317057947555
-954064055983129721
-8907623711373272331
5047299122943594443
6895157705453608662
2541549361632052011
-2799214373454455670
Matrix_1 shares[0]:
-7825759979488152749
5023482202394185898
4716502495216641506
-246001917498242721
6572978081111420960
-630858022018859042
3103541038356763904
5378019819264470876
1221439954597988431
4187981429382836710
5379829121033215980
3938533142246591447
2641228917988779377
8830114102381906975
4421116691263490595
956675446095101270
-1259910973569685298
-5628670266310638504
6887308588767712799
-7186531331503210259
-8313833623906304120
955535525763653010
-8770623574456221304
-5935071839944916349
6990683213301702440
-2360212382709968433
8763358514035014184
5981695305032002641
-3498932793772819871
4340369081246951627
-712418542747025551
-5100687961836582712
-3410855229706902687
-7698246966129641894
-6112499026152726124
1712030304490346386
-1999621360827380652
-4087544559472716986
8017534843662397193
802656618889893822
-5173084769678536642
-8574850057639604063
8122051822780515687
249413083292394147
-1329355035468857614
-6400418484993170555
-697552260508123488
8983919217824676083
6418819720579620342
8407822493129253837
Matrix_1 shares[1]:
1798628970510847677
7287848524506390495
2714747370927168329
3328724873006367339
6530572884004509500
5035540898837268235
-3178372111491148793
-1920614222742437267
-2618614520523305597
-6539084507254518437
4732580431597042793
-8786300812109159613
2735555878691048536
-912815164131522628
-4839851948832644426
-4884068346146617532
1522603623720457753
-5607380908848522607
7530119825830478962
7768898548727163971
5171106248541685104
-2061704271311587014
-8973029500442065457
-8439189331501968258
8670523750958070087
809310037861327387
-596050889261116926
-7877115121746794662
7420831533619155176
-1392070938042798420
-6390069802636597044
1182955089004931906
-1785794046606612163
-3141764821022966703
1395963223953911044
851389311684358363
5996092679641648640
582807363456491607
-8666007651609193270
-4952224890195225380
-5624982544759957185
-6434897453336777701
3190824420242346426
-8618938277937937207
-8547653736885490011
-5832741635196914177
-3399341904934395184
63339488824180259
-1918014826771292811
464007719523881670
Matrix_2 shares[0]:
-1397616835842456905
-8437297262914268203
-8321997998487369156
7519532846042066294
5525291693230728581
-4919436645358117802
-5304941749736490987
-6064384719713204240
-6531773862757990743
-8408562062570356508
-2800847088630062487
1596274510126401417
4171267073792266825
-1752207951686857722
-1998531842018932966
-2820430241348271128
-6659411263319248129
-8386035005857671922
2557667057941424729
1865122902274588481
8419435100574896359
8278547270033462480
-5156165254084303351
1132886841111124786
2259649475236310987
-5412551359300512755
-6651138095856424990
7499195804624634524
-8251045183040088124
4591463895192542829
-373842988291506116
-8723367223784636372
-3130997706547075076
3909490856578191522
9032190739679201524
6562269938344571500
5651382173198539496
4208670974411287746
5030279270050678212
-1589611347519793563
3623240156388047173
3339803120794816534
2317386067116967376
-3848986129453092074
-3113738784585779498
-3587914841526869676
6861821816534362142
-4941763041293254642
-7321626421508002889
5081170504428525007
Matrix_2 shares[1]:
7693666364121880177
7305526406036479832
5218705527561561677
5503160374665854406
8953019424163806116
-3228757662595924564
4851687780643979439
-4579764271302839998
3646205894480142791
-6032525670632401884
3587616163353193597
5935795137799734332
684278382669963303
-1941968814461267620
-2777915062742665817
7950562021040671324
-1831287620597256619
-8725273408807943504
-1371344930143608001
4923511121367406151
-4632089327913248882
8385984634749151258
-6876813969535407724
-344602784520928339
-1527574999357058178
370056247645780384
5663228510960848853
-6154355168110439928
2354785676134243817
944969022491010186
-1314955770287489692
2444817739683918403
-4791945333575652528
-8282379872527555270
-8594172815350629055
8301231255349494332
-2117505092699893995
1105665144106089533
6115742607751998985
-4904064274545840802
-3615368369133511391
-7218175931529182917
-723372856002645129
-5726517264885758158
-6209998104716546857
-739228200650743633
-6154174347732483257
5086244990942799167
6290639871918268618
-2598027109183846571
Matrix_3 shares[0]:
-3641935927503128756
3694582499303220954
-1151687600796640468
7863268137524113486
-6627267923386797302
-7617052539142055632
6027543259905479991
-4182085132918166806
-3375534335681829416
961593160485647661
-3290896037176958593
8989034502394480883
8462864685950526932
4159015325910983292
-5151932677548710184
-1793584290276904627
-1426313629735622318
-2229221348591207214
-843188531259999074
6437416746761366738
6209504372795294484
8365691014066163976
-7967144099377877718
359648086078225045
-2313594733687431463
-4842801260489284049
-4647171312837474886
8561316317577126241
-6258844341789984800
8033102386255553956
382754603897197667
1631646082366154761
3857634498215392465
116463362825577538
-2251050517998227955
5311707631866927936
-2968319252268652606
9208671154890812476
-1172741173197370632
-2359698261009759199
-1653312207201595862
9148430767634552988
4871767727025284156
-6615273519519976712
4477184316643035682
4204858306138476014
1273906948033416016
-5061755523019245053
-2345758162067999938
-1364665281463906768
Matrix_3 shares[1]:
5502231586582130733
8767575377035480124
-4168014144951255711
2191171006752315598
1135133471207243531
-1967385830320990607
1443227780148391155
-145169326922560636
-2170763273964593862
-8886195122720866731
-4655634157035527819
-8843719847121545489
-78591871544088001
-2578767045594994281
-3761108269823974055
-7469068081164645119
8837528451764308480
800205979271993280
-6473362218844763310
4398440242382051297
4152526676226472405
-5426910613626254940
6602965664892160258
1742285254706490817
4038273050107355522
-5340312800338898595
4577559050915968621
6484835208656506254
-4400446825638047566
-5765433237088119705
-7827669331263532774
-6050384655608498320
6203264815696197265
2577650662289646968
-2815518425525468923
6528750793743517819
-7929290042605814768
7221754653982298742
8973164080060136513
-8918055393658976273
-8225927279295628637
-8243965588791167653
-1602616601937330079
-5651066580405735161
3478666159881343094
-8839904972040263656
2331263417849287219
5335950287357962398
-1905050877455407145
4416011861381807435
Matrix_4 shares[0]:
-637743990290898288
8820032670641129437
-7181809461415606071
3198899485597608905
579783324054895306
-8785686410210999379
7299240643200428076
378805556061522557
8891992107029433060
2087410841392153418
4506224954367524827
-3970272435003576072
2196580451140557939
8169881861512878395
-3032583744388021086
-3733440182972699912
6097495838850248444
5417843318547800810
-3196700944855835807
-3684554040228851139
-9012044683156060738
-7739973720350627819
5549891904274181846
-1626867473302210761
4596956684618388563
308175333789489157
-1565236483034026981
-3090151683398357736
1547879773084371991
116045371702617468
2434082871450173201
1376656653861172014
2822713120995780808
-5671643635379785234
2459550077942150369
-6575057356785230960
6157277669091955737
-7649226645745402581
-4861640988434816890
3883775105374570978
2842022257261992141
-4922572947883753422
4502374314255882856
1272661722668121919
7346664482280433285
8479242534929744807
-750378500373112797
1569186144785313841
-5651942022638145100
8100714376650497433
Matrix_4 shares[1]:
-6069650300705187790
-838981950370784847
-4708731561276715223
-2649353644866116808
4681696810538928186
-3836686409982597129
6408361403004766830
8032859384630481468
-8500287196190425797
6043704084131343089
-134684882631175751
-8923393879540108237
6528084826140978721
2695312767074860996
316658113194775832
-824389509143104573
5173124627468211973
-962775507008803463
-1499951588576561527
6170997092710507367
5349380690366407008
2607743908124781784
2809178930483738646
2640858185152458500
1395663500995715685
1780205776807359883
-7367800025925209073
1765400084974023873
-1753749469282901740
2646294250310452546
5335927836128473193
4957835697159828765
-2342638661542427746
-4067506414998362069
7338428382337090810
-6064509263824283657
679742360936561662
-5773157776036344326
-6804215676813328405
-1117812812228302522
5774061398045377413
-7745590933033840524
796493729289736743
-4724889996955059832
6998667784804984773
6076982931056734508
-438158365072637235
9030198990623143946
-2077872939853977302
433007532905667002
Matrix_5 shares[0]:
-8532365549270267445
-3297304296958232420
-9143544624051209683
2571010264587549263
-9049901622441182915
-5290812576021635143
-4604919850975071437
283081348437904563
-86667314979151056
-7057988880398684331
-6766054555355176483
8664830540827093272
7409982635687220110
6032082284954107685
-1500704692463600906
5723050152043856459
7742493415914800954
5552119772480114708
-7305067447226327447
-3040998100543165873
7014938110767401925
-594037637460638622
-5554445670763695265
-5128607609753505332
-2310222909399263491
2691039104609035257
-3874414024162897359
7395079910205875991
4375920383699742399
6375186320748584524
6190367103974565985
4073644708672965956
-2269646594729924077
-7101906867351883835
6822980170622625421
4773565645764106102
-6451688844982065861
7588906122889268143
-8728348264320242226
8388077960592916454
-4213540389604326894
521891699095192888
-8575969682607696911
4938748877585988064
-7579176669015266592
-4197321843403907272
-4406813709567710266
-4971013487966888094
-6279140128997153274
-8857799964564603788
Matrix_5 shares[1]:
1927636082529054672
3289255307936253849
5239499751755218557
-2286405029615345433
-5071391882660857550
1110871905499145411
-5539536792489148210
-5543153517512582821
8920041481907780785
-3428438697344216631
1634747174835234391
5187123757882827097
3403426941125523258
4143948317796158355
8301453580538437658
2168873548847021102
6022739517956597484
7598751010638295563
-7736936844313873187
902575637561444268
-1272924385878016925
-5024822773280868378
2480335569019142583
-1545699990726772435
7405227348912119627
-8301973700660716388
6775058882662081437
-7062222435923069413
1648436377550184637
-573070202529458278
5917893377867513995
1505524497213682010
-8894206192250372801
7028225945478214255
-7734348641739506144
448982445614466202
-3665379344765787054
4689156316637537453
-5727159850857232261
3292999210054851468
6005197175026573570
5147119146148742167
-9033999027639083782
-3820172962619268825
7073626237314005630
-8057824041761352370
8307605703783949886
-716571854740769829
1050463099098913455
356161840737679486
Matrix_6 shares[0]:
7986591208176254572
-8268326897534576472
-3206168447888307136
4987571110047825646
-4544332850375117149
-102529149764440702
-6316944199307946450
6697038747350029037
-787924014240868468
297537518105977937
-7906387671483835391
2553878452417026795
8681963762636254917
7266755304173403543
-8509103954940815671
8696472512894445457
4497117989790529887
6293505299038321518
3232707207293123134
-7661784467270410769
7520112749733958233
-1330631893708331967
-158900004879464
-2167218835786282179
-2898112824964640402
-7729243401519507696
-6668300719502928337
-512311644433685730
-7522445858873031001
-1057777386406248471
2016075741025681475
3050101885544703314
7937985172579251079
-7557501518133722201
6235816085696124522
-4587027525326713655
-3086594061937998722
2032970047929043177
2167958818977414361
-753092365341515382
15515443351181684
5026739637133421492
1156492225319959940
-946583033508495597
-8535103725477795984
6329533088371203913
2894278456807681657
4304825633401975804
-2970407965826321880
-5949696039663530656
Matrix_6 shares[1]:
7095493398226248386
1339594023634730655
-3936373394592614378
-8126694898317923787
-2645459673214134645
6575548471388590238
8635822825413809614
-1948037673272529189
-2472846115837653010
35710919818612624
-2655230089644487475
4982757360752725710
-6655261726083144594
-8040240785855701652
-8881092690609812440
-2968182887424287638
3718673329332183282
-79782747242849411
1322758141531453658
-7409667050413354186
62998501355883402
-5077693800107512459
-2542953253725748216
-1819418221117790652
-6846748412588273473
-6055092954277918541
-1157939477570142698
-3326763779322239142
5158363355941604781
-7145057413063071804
7243528701322065887
-3300564623243272904
-4980906937450252727
9160344556375401226
3999203613407011364
3314882455577319152
-4068472682787421540
6889563942817019210
4966492482258252231
8020576719937760771
5557847856827815756
-5959173661074094023
-7877230432230759538
4209530154383884334
-8215856740362199048
7012653129133665109
-6351071888986443234
-7903511276688660035
-3873511488479018963
6713608331405747243
Matrix_7 shares[0]:
-3530355090299022080
3040465757047765614
-6869967687990924793
-8330757172362652914
-2313409052082076647
-1475965901362378764
4059844075629556693
-8405504243318191966
-6901117035783220908
-7990371645073081079
-415728273101542845
-7997448038318165490
-9145204930401385332
6712015852082738446
-7986307692754226542
-693219253084857505
-8082279272548884538
-6482467199907754925
-7002250562151074893
-8879830804953277514
6259196850000773847
-2867574086311192761
-2275130926843885784
4704846125165868588
6676550972497393297
-5140600534251273633
-5059105614404705068
-6077216561854350682
4114862329464216555
-5706245894646741089
-2110654468974436900
-8372658357617698361
7846432118422739843
6722828674915926472
8299162464854473252
-493422204742927197
-4604635286174399772
-5027937603859410336
-2594987276309379177
-7005341304681819857
-2243333271903647929
2836842396781596621
-6226675277704988759
-6004496653804532130
7170146730902015219
-5912430728961851016
4246121023449848886
-2195570474777759631
8790684400254074958
1548483294395618104
Matrix_7 shares[1]:
1698326504328930762
837759495625316672
9111475170392429883
-5594905719840476404
4029470543492023678
3841813318825922526
-4642657264458224772
6210462931301223739
1303041165835593535
-3085746655829236152
-5321126690152670365
3036377068259821451
-2645612142289159561
714316160575551441
-447199499693747788
1155381961073694546
6233223101799256442
-9089186995126238579
-3682697785752193214
-8990493311342516492
-6950126169106730446
-8728395497947315952
-2173442543026431565
-651755743457035244
-5699126733762940912
5502205913915404802
-7402956797814375988
-5792811992819661179
3920349909779195806
-6817140708310302166
6927164289131961029
2133787538969213487
-547670189083015837
4886698457919515001
7647807793226960336
2405010548456392133
136000763362879070
715183734230065898
-1523058779099580564
-3293577571273662793
5097976563540190471
-5778734025605908911
7277830685546605776
-532942948539421715
-7805905928593251907
3448487115024905591
1477202824566132789
-6102992047738680714
475189967172922703
7106599061927296475
