Matrix cols: 7
Matrix rows: 50
Matrix_0 shares[0]:
649052448064777435
6131156936798530527
-3526706323284723098
3739804936974108221
4718616611025834602
-3842122906614327308
8462264857879609756
-8127272978474624649
-7821271606803981320
3165613142774291454
-6458268796193263627
1681794054318835001
-6340146899312355414
8492677382461427752
3306200718347248507
1325195654976179201
-4569113760733062794
-712996015519672720
3615078135946655176
4895735623015365524
6552606082152315193
-1644431373438443177
-3558835810844655194
-3795213690983281607
-763509649613444434
-609465980217359488
3024749776453210613
-159962410883035580
-7927660322324285725
5955738397530936512
-9135869495524972939
-5655535793551244760
7109515793930683709
765545320707774841
-8533143429848690718
870270796270872347
3604848439400190647
-2645577386840802562
4816206176906149401
5394206853343882368
-1771149249183160269
7174620617444690384
6376207350851354728
-8242733643013393533
-5135986557756426261
-6143450843626579726
2680725031589807898
3616720299020854536
-3200902439080650166
5355925758992018700
Matrix_0 shares[1]:
2083232487908310527
4899725524404368607
-3623047857837932462
-4888175874610213061
-7376901968180458008
-8875350131728681183
-703460596662793659
3752134235828662342
-5169034870608501226
-4417255659557888068
-3453303341690123064
1183231791640296488
-318877961798239630
-9104117846715905598
8076598723607938198
5172652201042837887
4479758721876608899
-5483655323320854187
-5167935144272396790
-5926635554254611355
8131903615708785866
3642854958748902183
1620455178260449222
3768739823468348172
7542466205938479588
386179066425712150
376717635421719816
-5378318227892367988
-1392882097365312575
-1119407522318577855
3376295021687167150
4752669456930932531
-7058588777535731047
-5177379849726625958
-4641004119331046905
-2693625747295694423
-2718508918533942563
-7674013185431969846
-1060538848012463367
845075884736008841
6195575085833755362
-6116597559805125474
-3632680137068298047
-7802877534417641448
9215759400441757126
-5502822785802641357
-1402087081827229778
4886238707723598501
-6864861669845168347
-2961192286887446391
Matrix_1 shares[0]:
-214321248554139779
8757943114504548789
-1514360627509795096
-955095453042909308
-6752727271337334720
-1213899853757387136
405779004017707946
5509398749862093016
-3270373116617285967
2322669664713742422
5646596987899432825
-7109429481281922385
7418010125474348769
4951109013323883718
-2489768182112838271
-1246799959123550097
8813291656007302317
523296317699316125
7845650389191316347
3369818424866794244
-1033384589779100536
8889861718988683592
-1207951901130146320
-8945839732602222566
2697528981877101637
7139018528949849317
8137084026390713944
-6577644297641869973
8385214973047891795
-6880782027873155222
-6200657285935280049
6423811198091191146
-1655344253244555073
-9166623782516224201
8934111622793700282
1043184501094657986
5945993903796489417
1932857735848580514
7891645684331985880
-7180512636727162844
3093517078108247698
-7246611648371720979
6004033927943278490
-4503041720279708393
5051425621556302977
8386275770798552704
7581458498275666357
-5719753387308239326
-8501975378267439133
2650153504028403211
Matrix_1 shares[1]:
-294655245734948526
-6714086920307583714
-5810387018955480781
-2727915015407167637
-1890498644937826163
-7845161493111915336
6650010253378728306
5657255179546916868
2818813270792751375
-4207897341012599116
4186472338675088803
2810541783074800302
-2562610933252538169
1328084607510492700
4129446740625450354
1744653447164334713
-1384544121512657882
1582675625596765554
-741141391622539889
3213642587828304451
-4905451265904282104
-4215242418831199082
-7962921981015973345
-3025017182631604502
-7902890996306561626
-5424022733764632293
9192871056375401934
6236727080286909200
-753916824307298190
4435307647755878380
8227915951569967603
4123858774109148352
1061443816464202302
-8276272999360780759
6561262973231688387
5929898620684766020
-1504458267608528604
1143256710363704447
3088033985705528562
6297435363468794797
3928372858469723274
-6967130813019809454
1478373551513040240
-5950335386981379508
8976947793002900626
-221715970057428193
-6123658650851310830
8283844113400223216
-5207672469289021085
-5778327410886090994
Matrix_2 shares[0]:
-3107211527995952698
5800071574865688748
1181075778791367403
-2042317748577551936
1893260925350815393
-5625503630098502587
-9130115371256526766
-907871442587516496
-6161571687742750912
-2050446666092379731
3406822926631683660
6751869126933306019
5422062891863353344
-3912865716461854348
2447927877481564857
8748691123208721007
-104697189146270733
5038051964048036924
-485605595968333213
-6261604056377091861
-2010876856003452723
1947289896144166297
4625720827586552918
-556559432109478662
6370840074612412547
7133432040826193918
-5314190792720147025
150580344764285460
1974330237262066078
2328706543982415343
3472977343809891768
8077150063159595262
1256321931126217371
-126123827028935315
-4346384077016727782
7435118162351250065
-2713318744339047815
-3743608727842235701
7508829150504306358
-4871496463809278409
2163157538414664387
-3157130347934774420
-3711136315314464140
-522795444820111138
-611528677188447159
-7333554342958284192
2018305958850759590
2125408873411095185
-5190710879163333947
2051664088150093856
Matrix_2 shares[1]:
-898503042791238071
-7551549083895196358
8505920530021545350
1650190350317011434
-7470576500930394578
-4107005215042137784
-6052380706362069132
-7848116185769753611
583464355606156348
9054807816587571902
-7209365026737698077
-9213074957581748921
8431753882766624178
-6246619448628342470
3331441510703369908
545308054240502744
4398801822426492446
-8884716071958903616
-8861515824369793880
6784854368969375518
4415913120120965874
-3938872947717369131
-3828126408883339927
-1019744952345308522
3159042870003366873
-6705730834314955095
-1150558947480080446
2006902791666218638
6690917755944838180
1496259295335477158
5389351870658986785
2276587239475005138
-1045714406381403949
-5356538200330806081
-6436474435118965108
-2245875601109991489
9016665662039581011
-894486179865371746
-190267384538477398
2887915452300642949
991194342560919356
1729582145071124504
-4901817022400066943
-7682973884925199234
-1375494208211059408
5539040398508576107
6490684311345727477
-3525041650604233593
-7484941220561208322
1954309589922701356
Matrix_3 shares[0]:
-2445828233870563323
-920685522580125051
-4246992017196633225
7471894538215943460
-5320278791958300031
-1310589273764632438
4691915672299041154
3093646336998537804
7289986937385158807
3290904331474189405
856254237735667964
-8668615112021845562
-1100188966946731401
-4313865213025776877
2955965062394796380
-2149027092545179520
3892898163194088390
6332377576579936326
-1678466755727155019
3946788355039739628
-2396395015758895120
188104969421052568
8454168228788024946
187746980331394324
-2794577524996845690
-827547873910299763
-4338739500791058576
9025915072270174685
-4803795850589330524
7841916222496515072
-5058358257600249521
2783783191017933597
-314008489865825049
-1624776508477348075
2302327864106421448
724112225323616063
-8627578999461098419
-5956582230243251483
6090455417384888243
-1196361314050066100
2244608971647058132
1599317702894042767
-4116510420712276066
-3077151137048111683
1275850475712289687
-2019276009876202629
-1445074856938521713
8508173706143956642
-5036435650083411148
2093664542843514798
Matrix_3 shares[1]:
5271161536311571652
4463455875406298606
4512072210727993178
4519937229193771671
-6458530743704730117
-7108236669994514331
5675763193055230160
7511052761722013815
-6440329661171471040
5420845566433301831
-8060323029542240398
6707744601690990518
372811979485125754
737006219201522542
1086363161434086238
-1773827915524793342
3299879757201490453
930158129799181029
-4507165362520463004
-3647857021346603580
-5298816598425452078
-3404795811898659662
-1703699083584288280
-2799067313767515887
-3682772642676978583
-1638754858971032066
1923660581863477348
2958306279166707839
-8092652911805038827
6900272996191320527
-7085188887801089851
-1814217962053973060
-2729008586736458844
21251245301595226
-6873534763352069267
5831867207624919205
3193575618207542046
-1996186162701895682
6744752403261723272
1148708994350705336
1957304357442061882
-4100793898640882304
-8409299900236209020
-747015654473844356
-4710491371407623298
5915044267359486365
878461517391413403
9164338992806054608
-81219756180085150
-4958521304285966179
Matrix_4 shares[0]:
-8256564416866008566
-8108115771841007877
-155419903034423797
7825590232768975140
8493583171295623015
1580751793353561610
7044134350639662655
6400288071037887522
-4549247392309198039
5028812930593146650
8964422115412118713
-7561446638460545305
-4847360033688127980
2974205440336178275
7100643288119161117
7447835207834064251
-7149778421875123462
-5700291040971867691
-3313913563918385406
-5373290294000538884
-2257425042466249825
7817157588272839367
-9042675183015312125
-3440854112832059763
5355768066045942829
4828754566283612505
-1852903598488152828
4615505198825895874
-3253683792215829830
8303410915321899399
-8668888014565927786
-6782441553870331220
-1200945894354544851
-6049431683997639744
-928646340076684027
-320244693050908793
6768972490752002526
4357261549391549635
-894375983360978349
-643399535956729369
4238689262132576457
2284016937943362376
-2057822203004024879
5841399503733458909
-3544719805298890446
-4083949223862262950
-4859485541836942224
3079455499426668344
-1275188157691332949
-3514785009094982041
Matrix_4 shares[1]:
-8515469273543312350
-255413082133167034
4716563718008453273
-3520720552381218193
-1761855582209212225
-7407407361776432610
-5448973609214800246
5348111321512101449
2045152418859745937
5125024269468834964
1452351214162966066
5782764256900290389
8742542159265255066
-496068233416951076
8572263926319796919
-4719827778870400314
-476337052602593344
972928148087453110
7770363250836376019
4949980378639824358
-4766477368297677293
3305999899961777320
8943526621867695337
-7000333708254046213
-4813757499375701009
3428586132592576977
-440004765235168645
-5598915698954845277
1563448039615510572
-3926386240572560333
8826835448322068334
-6790391352733229147
-1506721108885381557
-5003734794769651133
7997826709990831147
7836661688098470781
5692213014182770200
1519627350738227388
5290214956392515215
-4920515676247530439
-1819524469527506363
-6892774494394938912
5247780734490011643
-7880925831497026049
6787586618523628783
-538905213838097964
-4038092041680513333
5097242259235843983
-5350630381261856093
-2553044388412342007
Matrix_5 shares[0]:
-1455914557179392548
-6254841778462623352
-1663200366355006050
4060636992921934666
5001831241964578890
-2373392274250330045
6056672130430215541
-4548151849934314003
-5357657872247335010
-8956412358621618476
-3926304300667349090
-7299568464391209719
4120184270645190990
-4304712101039078121
-4357459607161447696
2219473325309889896
577769580900897961
-7591976161504326585
8118501417378897383
-1177962190241111287
2262670299819264532
7709317875228946095
7740715892497083530
4428924928879550247
-5912508231075273226
-5186952491500392471
-5946290941110245339
1759783924408953413
8922814735554105422
-4531458280411797118
-7093285128694805325
4765184405087109528
-3978787107376954917
6908456561441746265
5194525674926120644
-3238826191035747413
-2905436111504038501
-4686390315773798875
7850288415206653869
-1761418621898674154
-236792132058051232
-7812281893780257344
-6528603419219281453
-5005554565828252782
4917273438435187577
-702455178714130034
7993907565735198469
-2171127974999222272
-9175866159955645129
-2385245074302785773
Matrix_5 shares[1]:
2292882533010431869
3455879411546987350
5696493833222863413
4950201478159434685
-7965277419582536826
-5486981833066754007
7803195097380141946
-8107705938051257897
-1955177364159164291
-8200426933827514968
-1644725775474268167
-5555980801584191683
-5518586720090463495
-288449516833076796
153354897704022376
3092597637454281175
3898616110640307345
-8701294160961379537
-3174315166047642878
1456470667543850441
892587740527145544
-1246648507639261446
2400250730393172059
-1326804918562620038
2485265326242347878
3712852285825669200
-7830371846975254466
298533810381307778
292742707914156685
-5582961321033262902
6140182335158847798
3974831696696573297
5515625167825989493
2020086004558718863
-8283139944960644138
-93722998356625915
-5682111417776814097
3108943221617150215
-2824618767637393576
-6333735621590031516
7443437296430132694
5375773064681858563
-7417488127493906411
-4241740265266736369
-5677566988956210001
-8994242151383191362
5944457226627012451
-3959492907372805129
60125992528705432
7284368033820224866
Matrix_6 shares[0]:
3041216798688450544
890448515722915184
-8783604268938989168
-7655605273232650235
4627329024052776487
-6588913637091598172
8247026572370383733
6129628642722645427
3310322988842044962
8602789665444213917
299449596168587589
4893136749869321336
4383859910638112177
9067735284776341378
-5901235776459050025
7585197406498654344
4789510153875464656
-903991152745448143
1950632625942245992
3206629161980883884
4093405949601764534
3633308754304891312
6221411659445729909
-5998058006138161233
-2833144636658261013
3655650725968583244
-5927656214354457888
-7487543065360440553
5924897061044524133
6914058666305878533
-6275727410891256400
2138603773983744975
-6370863433897883816
9200809006731876304
-4526749137821292740
6190680222392628557
8083381278285969605
2150876153279183633
-3764345155777727113
7351809559371169634
7449439732028218952
-7917825248778535001
-3025896711801227736
-7299820013909119120
-331917737041805364
7890522078966968038
8769866367565103186
-1354941593490194276
-1093630139182805152
4469990528538343966
Matrix_6 shares[1]:
-6409093536669080986
3210555595901221729
-3688373882142213248
149546644402717279
-136839745002978043
-1990203211758554532
4234904348114379009
-3309708564728828720
284654875492368616
-6674519226528926434
-5859045263020639415
-6399923661454713677
4303678137398532113
3081217273099970954
-3834183290234183444
-584581948721181637
-3658969235446121672
-218415878510219235
6842763130057927384
7096300231422039675
-6802198253574152615
6530253000418898776
4889336593414847864
3879604282058864669
-6343264549139067295
2408398884484507298
2309766466257330189
-4866689062300232692
-8409070867509279958
-2525383352749717130
-370896998021457302
-4222488002855402615
3599490430629342854
6168797210594167320
-1246307106195762523
-1108847024101793500
-1130310264581537010
-3803768918674238209
1959706852353506390
-3928432942226242795
5924024362412469223
-4295098226989455980
4734058120456026816
3801490022202391187
6903485490240091731
-6502844454117141473
-4584577116252285307
-7706575360571368344
5150557823386194869
6528390219504299264
