Matrix cols: 3
Matrix rows: 40
Matrix_0 shares[0]:
-4560867382653214948
-6082319776743777275
130135295673401329
-7759227532439520602
2499555171882243723
-3553975475606989834
137699240048684823
8121001521451931029
6729071946349882439
6850021611944392571
5429993060579012096
4751008962808301558
7286163292590901987
4544562677707039179
4355317729939757562
6437519252192813085
-1721138032166436247
7583527725713835312
9033052681046747754
-7217480773346901108
-8631028768004776340
-2548039724574391665
2968143651640961291
3392774877869219128
-7485611019530652997
-747549809200412675
5158556879466318266
4192227190929309288
-368637311591562949
6852018134846038543
8153004887649686852
-6603273454598341487
-5024059277438096643
-9156793224991700154
-844155532769454988
2680683559761420985
-958958990963023589
-7651224026552706817
-4588462140148760700
6825495718255771888
Matrix_0 shares[1]:
-6390338525136534381
2890859006636243972
5701679955828806057
1971396872677031511
6410094493019561352
-7090988946183176330
301904597724635473
3155645756797028741
-4235920192160486093
780908871688728798
1842136537373205790
4955697538484235396
-3973112779939111135
-6230209738618459409
8298728358857633151
6856637786095556490
-6913626207258755552
-5243942546759395608
5527876533870974847
-4499360395863480281
-8306403075681326594
8916602391044066469
2303028505529379934
-7852738841851734210
7147322061940119987
-3754710015503889615
-6436373167932202234
-4697231654177784797
-7557885640992936181
-3409163896597796284
6840135379844990523
5735351690429869166
8536592345468168706
-1684253034863938337
6659017914461317280
-2848672382508105857
-8841014189749381200
-418907597258153263
3500759371560244398
-6986752309509885368
Matrix_1 shares[0]:
-5735677958243634077
6082303871276895490
6770583118006543115
-6621851486589662316
5181490494069849733
-4270648597647810636
3923686653486223354
3237020791050732696
-8037315959683769608
880121619653602290
371106366374590240
-2606894495234765090
7760728082655794580
5819807615513280454
2413689642227444017
7345982530949504432
-6125446203824701416
2544754287929568540
316822103979302204
7484468294828136236
-6812368497695852350
-1478283435636888280
-8573726558723928922
-6848376676700414179
2521390224700633419
-2419230179284126729
-8944697124139114502
-5375926210300340876
-1949024936036402575
2664424796630565686
2174905239834079007
-8860651323509827651
-8058690699436236020
-4030150898334286065
-4698437711279275405
6825498377168177806
-2481070949514234
-6020123196600443498
5634342893853420882
3677135161951312486
Matrix_1 shares[1]:
-6545128096534326882
7559214778172528486
6594782016833118605
-1426059842762875420
8169319154158479733
6410102755853164836
-4026400186010697348
7799082918462613291
3955282066410518951
6589385206985607643
-8816479099581710646
-8485720227742464174
-2387602215048702733
-4135142226040903799
-8928623569104633571
-2740033718275939649
-8116551624434327335
-9081828070945583473
-5930679385679107533
-7587458717353208982
-1097809073183520848
-8775275823063231631
5836030120131925422
2746286756601792420
4392851637336170814
-8876426558090423620
-5005677252389985337
-477850045161761462
-8002822666998054937
-1912792471354694897
4339754567802021352
7292755037178950536
-7477866158523793427
4685428033738226962
-1547294634741741626
-3227754375790456100
7612983249684563941
-6682042715520445529
3455805645211630748
6596135750183865898
Matrix_2 shares[0]:
5487104283412803982
2180059639062260508
5668819222232594016
-2500875740440146220
8858293602309574997
-5361389005788772131
-737991785339285925
4946512011704822050
-8231975014586988037
-5089552167127708974
-8467580712055070099
-1564446789434288168
-4545961262496149712
-9215306591153698226
8980711548588491021
6829312752892827938
7587865551422805890
4753621369282233929
-4229192242205290888
6805120428480859154
6888482464060825150
-186382444238816484
-5731699762237709332
4474469533900930465
-1717248530479081805
-6923260648593390905
-68977677459590458
2562636209088218990
3448650868255343661
-3608546161874578759
3072399214211759691
7602925935413749387
2592869332742858191
-1779459485383877527
4143120769528633253
4080857966897020402
4099760980132706538
2057257095633693317
1940935965917224165
4750217599767398635
Matrix_2 shares[1]:
6953983667724877900
-6103439568184393632
-4107873462189339138
-320428480579368953
1299211199518267298
1332522355673979483
-7492736274130609551
-1087448738475212988
-1298586371042563168
-444938892535128802
4147999687669261151
5899307170728450105
-4760023359341801380
-7589907046007552651
1612495629888510153
5713427272780006712
5031219911679113739
7600825782396171292
5477913414669103259
-1661053752466976825
4499140973800836649
3342590886332726576
-5844007240638150204
-6725887931916608730
6325939854196238825
-3336847270032740253
8555355626056782461
-4402008532351220095
4603344257702287257
-5586159325547547774
-588933658278515129
-3972294900031063519
-4221588829427206347
3020574901141490055
-8964653077913336752
-2001192178163686444
6117838646388294387
9182676662722660453
8120034032777698111
3703869677065944522
