Matrix cols: 7
Matrix rows: 50
Matrix_0 shares[0]:
3903021982395028440
1047911175401673418
2399499019731729471
8333126146139765982
2675852890926217316
4283339876702583205
-2900551195276561547
1033383464804240318
7021388373432052044
-1808720405219968767
-8887252970771116723
-3929408185582988398
2027588550503479138
-6327088087187528575
-6973177955030620163
1455720353902921863
-5372622043177841828
-1776813842221471522
8663585325782100853
7317906100251500566
5153860427032844405
-2004369559715680423
-735845890185156373
-4886710320353231404
3892902763592714676
8452743685611598355
7698722936339235731
-8167068205387214609
-3337589115176647304
1141617752549891905
-3501121798891648975
2442751478051744141
4558291106382461635
-4059929582945899646
3926317198296882976
-6174820263975392323
2447483803774057364
-3421997567459950189
-1434822694440848449
-1878355748161293465
-4650554464930583568
4839018398945018427
1510320719852995841
1962858248868254259
-7536767874519152661
3035718939965261096
-6069656076324194327
-7208401009452367815
5793851188794159467
5131585387878023039
Matrix_0 shares[1]:
-5890129314272487178
6402904201397655810
-3459247927192217224
171450344220687441
3584581682611129522
-946785890546493210
2641592637029244720
-7267554646874512404
-7837507104386473387
-6141467087407819900
-2480500934924894139
4198217137177920884
-1726308760637956778
-1008864508239771754
-1439796153006306192
6012958351126105536
2838752136688352183
8871342167552349582
1838960648247859334
-3780819491631427067
1567335985339273879
1232908902809443110
-1605283883224783980
-2670626044849811519
4150250353625081907
-7104312377406092714
6128937997429434885
-7020160984807714636
-53123037961613962
-1029814857332116866
8497637065944941442
5462479574997420600
2877027151210230989
-2781952158122853269
8910606353856089556
4085944634142977654
-569110745428705302
9104059473337820281
7605144518581868164
-2187804422323092657
-7276026820439842662
4332379299007266757
6590675418426924368
-1925949937796106713
-2274263304116581671
-22743614610962518
1915380549287284944
-7760087435791314140
-2268661144083305867
3634264567751289877
Matrix_1 shares[0]:
-4444658018682306823
-8897046758808710241
-5056054418343984801
6125716100758234253
-4650775207046884606
8236801689747795881
383426074335965331
8404294741366794203
-6902426542329691700
-661394629039344288
-61816217579356265
-5758237579057161812
-7768180145152141094
-3853108930927079766
5892389719869555539
-7512951601421847868
-2919055715597904420
-4898139676442669070
-4771059614709657973
-3803940786232502350
6043003437951576983
-1991866456592147333
-7522488314534557739
6063479886584633105
-1136403816568124410
1062583634258307178
-1819925832407504043
-9154835736466561249
8337438591523713887
-4245216922293213923
411966988084202866
-3595199818536690365
2386149349689149837
3330170629010705937
5256051585844162105
-1176142350046985511
1032486910720795375
-2085055845047341374
1364592429382815825
6986114313966524761
-1727352625521691638
5264683287324489972
-3831600186296020642
-89297787104942745
7114189156001313337
4031543640818471432
-7701247010770153387
-1629096495404933361
8427034428063489345
1470250104070266131
Matrix_1 shares[1]:
-5184380673507504018
-3468814407741348826
5428254461386625668
7696396809819643070
4743564186532481622
1802002441391360545
3773626829858378604
-5136873633585794370
-2453588759852057930
9058245570463921139
8651000132880265071
9157670402651613305
-827609870139690509
9080014641040572183
-6765858735073095790
-8729997619280997663
-1792084491736812266
6605033835081419596
4896334814066772507
-1951487417267053021
4756495029270084952
7542613424559232746
8650486213015974848
3552772241652398823
7668768997866843139
2628974626845567478
-7195461685922563536
8118679476651895418
-3587827495064627354
-704260408125777284
-7910233284490900929
-8838602276318234214
7280254478923009968
4279898150599533025
5920652337210369845
2209066476477865129
-7333823795633821285
55821940320928293
5632128540099555388
-5528664019100162678
-3750622605492624729
3052182072725167358
1493246505487458514
3250219238251691156
7376534277089073035
-2704436988368755827
5518464161087031386
-5652335257125516943
8066954092232481244
7376517123536053278
Matrix_2 shares[0]:
-3650152870528676606
-5610421251246910342
-2041285517543071523
3427111859772818241
-5734552416722956010
-3908503781087272896
1258172725144656128
-1981706622450981810
5524584661041954893
3800592355629493461
1788324583028204291
8432606699617965330
-7427623681149067942
-5074076218335949073
-5241260966347077046
1403952574869221785
1406656620620034784
5288491232214991692
-2315947869240520550
1194910206770713975
8713861039102887544
6557834237164765865
6777153900280926247
3209539827772125052
3628786874044029980
-2861978109550925945
2178790456660018489
-8614398003496469108
4467725531743203239
2423872315493331148
7450502354745427784
-4559970423777791603
1778696691443741634
8448021631201022956
-8027477490842056733
1764746757875292081
1968289517534256209
8357112564631152517
-3488904207464108789
-6066519521066541171
4116546504289298315
1201696105541705484
-2334926592868523471
-235638497212084044
-8092737423876983308
-7485761741578541447
-2231147749379016892
-4383232183309055062
-5941657853122680634
-5429610032521366831
Matrix_2 shares[1]:
8159597165654868063
-5988480795583058107
8149021644807409164
820962219195750492
-7205391395984562765
2301006124523150963
4083969935262968175
-2088862091137695473
5742836195604427391
-4016444440368485300
-6616166675974101777
-7360473523325859973
-8992159587202514848
8122125937802444304
7326819946770335089
-7819408293478330740
-8353469952569691457
-4729577540591575499
-4919218808496469938
-7920754462398316818
-5787393079212638568
-4477135018937834239
-2788661622618591902
-4957891764251504227
-2229836296617348116
7853729509120109204
5141116672840265001
-5842367460763436717
-8559289305158889513
2484437893908435138
-5606966233022676326
3580283137456991503
-3990192727487318284
1890755577549149061
-7603676876928674877
7279139251253296516
474360191318518356
2847521513799114805
-1965864113698285926
-7760100828380571566
-4692674747060392668
-7650806062641099034
-4399491476360008519
4172174117051045290
1675513391377194066
-3062553175412458109
1098448989605522066
3941927064549019830
-2304407397236621037
-5754745509470159390
Matrix_3 shares[0]:
-4014363692922081652
-7400163840426577447
5569659243475418730
-6134441389128349994
-4355044920291597879
-4285017476938462880
-3565359406672641572
8107546405666956263
881213783475835610
1323474277136181186
-3722918596013217799
-268020296399078288
58786612086777105
2663741019164763971
8022969916786450781
2765079570739717292
4647253231166399534
5474658957350241279
-7552208013930546148
7362202382644604344
-4253505317384539014
8971519731890698135
7840439102220188675
5373698788726435454
603306276733765069
-5653901124680265153
3201051516240770112
3026001151779351687
-4510714699212074900
2796924364540649719
-5052273200607711936
3750315396596022002
-2976032895971736081
8196163941919108804
-5518835419268567435
-2758469322400465696
3865342330513554627
-6562196193049241263
-977189775411930747
-6954906736964202805
2554174050468067294
-8270959713606006988
6947019525462120951
-2893804561107446501
-2694812359339916336
-70647344599468511
-6100652877162960491
5949866352906479831
4851794897208644323
-3958982247419931062
Matrix_3 shares[1]:
-7745837697568632820
147426341249545023
-211757055944323645
-6789087181733877097
7444278654317275170
-16594517009047785
2872766796640616910
-1122492529865527768
-4991638008872282513
-7288038734663208979
4545296104290794949
-7869886248740797252
7996490376617185887
-5635543104622097462
-2730932903076248876
7293794265347928157
-1145772617600018563
-952087671196914861
7764749406909103103
-8451355912510238996
7326332512347160472
6907684543082039056
94675006727684904
-58141611471938857
-7247015202830540567
4507720642982793450
8602712769757996293
-8547039989583149052
8477725379181995739
-901852581760518530
-5144572213208447844
-745251003281518954
-892683571374481199
-653243301650813583
4529773974918235863
-1986915916708896914
-6498655115119256537
8836062470081929759
-9050483204880623319
-4784355526145221294
-6009078816803203343
2448559441858956354
-1567569614693158543
-1136885810669321042
1647779980845776066
-6518018095598744885
4201947642622797652
-7083902482209579973
3766435744296273375
-5425795000284544956
Matrix_4 shares[0]:
3000396696551524926
-4120813866018928289
-3570060615234824209
-5482025955563602235
3650691395075526300
1580670136167153382
-3096660899070825025
8177549448240145624
2045428429032152059
-1297953718793588532
3583629966690858827
646185878227285126
-2871585188143627837
8328851422303633638
-4705451021830827989
-4282642819547802055
-1702322507646901872
-7163491508302340666
-8876614954892246210
1525006363900496258
8232556501536560877
-5757831267560877751
-8874612983026364643
1792123606468692117
-3776848597977036010
3332833014964535212
-4788509212384487299
7302645591246026848
8171892217580529117
4055646381266092207
3291951700375672787
-7445447946090059518
-2786306861026290190
-1059799669159850840
1414207327589401044
3899436869405943899
259015678262541438
7868145060136950009
5470972502264626381
2145939836289238136
7434667965449913006
465090350820185342
3910710202417759577
8232967110041275829
9068072542633440687
8303742416827603768
-7693397065801006969
4052138701530552047
-8854594689694413716
4548849500671238394
Matrix_4 shares[1]:
1531173224678570740
-2535515540225152502
5589479198567520039
8844449377545412291
-402268271365067724
3467726373305827049
-7311348238834076073
-2718952168499581478
-49713175825985093
-335921529795271778
2953766173837482053
-259323269113461906
-2995297559530293881
-450756409718288432
-6963986849581930378
-8171351326742754552
5999093868105590059
3544480011235036709
7263894244720720626
-2745352358955563146
3355050266333533687
-5524172284724098115
-2011399713758635454
2962959891110982235
5028570969423695323
-415182924666872090
1351515206817781645
9212622065332021827
-8900607811208644585
-9030915339532485743
2910464020611010925
-685392283207240902
-4892771053755550625
5499219768408866268
8307772386692802261
6773029385612061719
-4968227536034502352
-464472207112931198
252306694573232808
8661157103660540164
6436827252825284412
6883649382040210060
-7057023342019018239
7237570368843132266
1743063681068939726
8155472458674049806
2077559288295430394
-8822476591970231387
4240124319108388060
4097564059794308743
Matrix_5 shares[0]:
8226169303337810137
6232454883803535458
7232362591876106980
-8793863739672492596
-5240063338544461777
-2766808033682062373
915078766962828735
8303786151547818697
8123302978176525738
-4273781579614807617
-2718725531869480032
-2061562207225284775
7131169171591615469
5461310349969729696
1505880124638428051
-5271460089004730698
-8289004007046805908
1768066594808450870
608592822852122409
-4169428126500401834
-211002044908707016
7297234463188204952
6194519895750493703
900025261827721823
7521756010509378337
4496246083332649036
2812441890612207001
-4416556819397309233
-65952483450585915
-7902511160210566369
6242580050800334690
5345579582273606517
3182975396589563286
-2372071981825249402
-3601445631369913230
-7786453030576843386
-5309826511793157027
-1787632887865553145
5742091104378443473
2475801179270129375
1166436112676962919
7179003004722040870
-5953249332819488368
-6889559255195548926
6976347370922947140
-8649504454122560793
8424934223674708409
585159032856600714
5362640665161552610
-1770192541852664311
Matrix_5 shares[1]:
-6723311878548086160
3346586228067411448
5364344429433304998
6557898859352761960
-8792890180884486439
3535606769892959398
8796033336589967507
-2930590357186705260
6183038548832146461
1676152142529227722
5074257601978821425
-8008411775641939677
1617440911513872369
-4068295824659600625
-8904058010281679173
4024010706910788996
-8691980062482605989
9169352119138988763
8135085959134884319
-7892689325173769542
-6679800251933210623
-8678755855541101217
-2765622943621070914
7882467478433184845
-6044651432210502304
7283000052615916744
841268389700055911
6342653088327664450
-5524334471305758450
7431458925276049402
2773887001318312955
-8755697468538203449
1410022194800865431
-862022004970797896
-8723891553590665173
-6421051723746906514
1374041941499321810
5184091398273840407
1073611242093491277
323535284733906937
-2315353837392630483
-4975478878330064847
-8175573562265396390
-3313161307237744931
-4146270071877972388
-5690624014294430822
-6535247067744323136
-5252042513916882315
6225565220774882762
-8015943473394911475
Matrix_6 shares[0]:
-4047485232185308054
8088563157987459364
-2033362577042025761
3301373410912552145
-1458544279388323125
-5271904557471955961
-3742390648276598149
-316596497853771434
-6700781700833155493
-110228597758888537
3616143286243945173
-1240692662054815136
-4913513270192092544
-7308762509199049549
-2717201785331950073
7340230776941133591
7428434607470116925
13675486226835383
6923415929203656009
-8705044151018849325
-4500990502888717520
6498037993433768064
619845907735893111
-2496020117300862317
-4968423214366983745
6964833196068495985
5774674384122471364
6214456594190865949
7097700703054911782
8845792010448118554
110828691146190024
-8801548868855239910
-9005747053961765077
8145154017906477652
5171296442505802191
2603954829427045283
-955206803775408181
968654455656914071
-9193103604324884064
5305215326453470363
-8644236402916419579
953132415789186919
-2855821229015472949
6110379079866465441
-1564577337600389777
-4885315067510271378
2840339041247815747
-8644948682896898945
7756149482799713780
365747287319659590
Matrix_6 shares[1]:
8348994234605221473
4570508768274071512
3488694862520556570
-7545785454071115250
-67222050443840877
-7057148883960038480
-5334556295637501071
7489612198908865525
-8223808249228170610
-8402421362791889200
3364335131381682967
-8862238796511685657
-7403500045687737879
-8730568471415517576
2050132998753766481
-1376810861799146906
3208413139685186957
-4743951925463624457
-6700837787633895211
8870137238624624707
-8809020097619183809
-5120916061339262664
7098282660995530593
9165831519970418420
-518508572871707978
5131081665514183490
-5672732590210112470
-5631258024287905876
6194123320950262530
8996966620131679278
4646061354888069087
467609554923399245
296787282751707569
-1756219187895935118
-3051656485753937700
6218110492136857972
-2408779869731679411
4100027437956320799
2471098003445790165
7895977986302631512
-281995137357930362
102384435464365671
-2593085817992699970
-4967680223831374050
9139039093643013918
-635010293018550581
-7503637003155701888
6956127066501704713
-1715407850691590378
-7178692512691835320
