Matrix cols: 8
Matrix rows: 50
Matrix_0 shares[0]:
-4346586254124886864
-2626634267821117700
5442383965857550819
-7629224926315965080
746371456004576972
6046833271584384207
-1697792326880293378
-2992932833005526238
8474288530076294990
3110603261679459937
-7520328710694022768
4334487371256402299
6385737020358713417
8488525431197067904
6027030385175421371
341106047339475961
1996530509929020914
-1531988333312862085
6703267568102461911
8986535917937468631
-2651120862685082976
6134382665674388061
3505967234220553565
-2758492016284824152
664537690393667081
-2758903296015917037
8357284130981492394
-8238347308259011458
-5223801062995790909
-3838925862649356173
-5301029483215017225
-7719174764679438220
368290293203073418
-5274049945667321184
-803352071368686485
-7318807283112650378
4809151720477526404
2767488990014531723
-1679641820965397230
-6374260161548211832
-2250026889013470179
-718807973571802006
7759325699599186262
60680317057947555
-954064055983129721
-8907623711373272331
5047299122943594443
6895157705453608662
2541549361632052011
-2799214373454455670
Matrix_0 shares[1]:
-6292128942863300763
-1494305311525968220
-1131263025825861959
3531766260617675846
-362148303131582511
-8122983270218782860
-5085467704253029183
8949782602063748944
5214828744432274572
3693377195449289673
9203168627856801699
-4306973502843492206
7344361962840370798
-1608090993246877230
-3780835333810410326
5337762648693067403
-735917819565876654
-2198791062794459685
-2055018555134770125
9166519468219482703
-2515003361230298137
-7033524842255341826
-774335882110908611
-1751078776905531034
-1735369056852457884
5262417240666826449
8926164582031728023
4230845935513746929
-8533050556596072267
2679683472603451334
-4449051632550895506
-4009670794582607032
-1420456264334084196
3131527810190574453
-3617598935773025218
3204209596692911190
-2143671701292069083
-8037619419729943943
9082960998939463275
3692622470806656971
-3983600760518873238
868392707822704096
8799177797223336653
-5079286408416018238
-7276070373988858653
583562512201012374
-3095788374187135808
1820566169114188435
5175671429408926578
2561289564221133573
Matrix_1 shares[0]:
1798628970510847677
7287848524506390495
2714747370927168329
3328724873006367339
6530572884004509500
5035540898837268235
-3178372111491148793
-1920614222742437267
-2618614520523305597
-6539084507254518437
4732580431597042793
-8786300812109159613
2735555878691048536
-912815164131522628
-4839851948832644426
-4884068346146617532
1522603623720457753
-5607380908848522607
7530119825830478962
7768898548727163971
5171106248541685104
-2061704271311587014
-8973029500442065457
-8439189331501968258
8670523750958070087
809310037861327387
-596050889261116926
-7877115121746794662
7420831533619155176
-1392070938042798420
-6390069802636597044
1182955089004931906
-1785794046606612163
-3141764821022966703
1395963223953911044
851389311684358363
5996092679641648640
582807363456491607
-8666007651609193270
-4952224890195225380
-5624982544759957185
-6434897453336777701
3190824420242346426
-8618938277937937207
-8547653736885490011
-5832741635196914177
-3399341904934395184
63339488824180259
-1918014826771292811
464007719523881670
Matrix_1 shares[1]:
6027131008977305072
6135413346808975223
-7431249866143809833
-3082722955508124614
5343193108593621156
-4404682876818409193
74831073134384889
-3457405596522033600
1397174565925317170
2351103077871681727
8334334521079292843
4847767669862568166
-5376784796679827913
-7917298938250384346
418735257569153841
3927392900051516266
-262692650150772455
-7210692898550390503
4029315659111359855
-582367217223953712
3142727375364619016
1106168745547934004
-703090998811264855
-4072482902262667000
2785537109449779089
1550902344848641046
-8167307624773897257
1895419816714792023
-3921898739846335305
-2948298143204153199
7102488345383622597
3917732872831650806
5196649276313514860
-7606732286556943013
4716535802198815080
-2563419616174704745
-3996471318814267988
3504737196016225379
648472807946796078
4149568271305331558
-7648676759271057789
-3436996562733169842
7133867830686689504
8369525194645543060
-8569735301355203990
-6213583953519466884
4096894165442518672
-9047258706648856342
-4500804893808327531
-8871830212653135507
Matrix_2 shares[0]:
7693666364121880177
7305526406036479832
5218705527561561677
5503160374665854406
8953019424163806116
-3228757662595924564
4851687780643979439
-4579764271302839998
3646205894480142791
-6032525670632401884
3587616163353193597
5935795137799734332
684278382669963303
-1941968814461267620
-2777915062742665817
7950562021040671324
-1831287620597256619
-8725273408807943504
-1371344930143608001
4923511121367406151
-4632089327913248882
8385984634749151258
-6876813969535407724
-344602784520928339
-1527574999357058178
370056247645780384
5663228510960848853
-6154355168110439928
2354785676134243817
944969022491010186
-1314955770287489692
2444817739683918403
-4791945333575652528
-8282379872527555270
-8594172815350629055
8301231255349494332
-2117505092699893995
1105665144106089533
6115742607751998985
-4904064274545840802
-3615368369133511391
-7218175931529182917
-723372856002645129
-5726517264885758158
-6209998104716546857
-739228200650743633
-6154174347732483257
5086244990942799167
6290639871918268618
-2598027109183846571
Matrix_2 shares[1]:
-6296049528279423272
1131770856877788371
3103292470925807482
5424050853001630919
3968432956315016919
8148194307954042366
453253969092511548
-7802595082693507370
2885567968277847959
-4005656340506793224
-786769074723131110
-7532069647926135749
-4855545456462230128
3694176766148125344
4776446904761598791
-5130131779692400186
8490698883916504748
-1335435659043936185
-1186322127797816728
-6788634023641994632
-3787345772661647477
1782212168926937878
-6413764850089840541
-788284056590196442
-732074475879252809
5042495111654732371
987909584895576144
-1344840636514194592
5896259506905844307
-5536432917683553005
1688798758578995809
6278549484100717969
7922943040122727606
4372889015949363752
-438017924328572469
3583242880015485791
-3533877080498645501
-5314336118517377279
7300722195906874424
6493675622065634365
-7871787254535782
3878372810734366389
-1594013211114322240
-8871240679370701384
-9123007184407225257
4327143042177613309
-707647468801878885
-144481949649544525
1030986549589734271
-2483143395244678436
Matrix_3 shares[0]:
5502231586582130733
8767575377035480124
-4168014144951255711
2191171006752315598
1135133471207243531
-1967385830320990607
1443227780148391155
-145169326922560636
-2170763273964593862
-8886195122720866731
-4655634157035527819
-8843719847121545489
-78591871544088001
-2578767045594994281
-3761108269823974055
-7469068081164645119
8837528451764308480
800205979271993280
-6473362218844763310
4398440242382051297
4152526676226472405
-5426910613626254940
6602965664892160258
1742285254706490817
4038273050107355522
-5340312800338898595
4577559050915968621
6484835208656506254
-4400446825638047566
-5765433237088119705
-7827669331263532774
-6050384655608498320
6203264815696197265
2577650662289646968
-2815518425525468923
6528750793743517819
-7929290042605814768
7221754653982298742
8973164080060136513
-8918055393658976273
-8225927279295628637
-8243965588791167653
-1602616601937330079
-5651066580405735161
3478666159881343094
-8839904972040263656
2331263417849287219
5335950287357962398
-1905050877455407145
4416011861381807435
Matrix_3 shares[1]:
-1860295659079001977
5984586197370850538
5319701745747896192
8392304929433122552
5492134452179553771
-8862305704246505377
-7470771040053871146
4327254459840727459
5546297609646423288
7924601962235219070
7946530194212486412
-145314655272935394
-8384272814406438931
-1580248280315988998
8913040947372684256
-9184091702268001850
-7411214822028686162
1429015369319213952
7316550750104762384
7610887084566133581
8084713024687784727
-2938780400439909036
1364178434485717460
-2101933340784715845
-1724678316419924059
-8263630012881368972
69612261921506280
3400592547475919135
-7787452906281519250
-2267669149167434240
7444914727366335123
4418738573242343559
8385844759797961903
-2694114025115224495
5066568943523696878
6606285648099105877
-7549134778835084242
2016318264836440398
-7800422906862765867
-7168990419040816144
-8567504587212327117
-904465178843385322
-3269151125087954067
-6180403973783839743
-7955850476524378766
4635046665901787642
-3605170365882703235
-274194764338717345
4250809039523407083
-3051346579917900667
Matrix_4 shares[0]:
-6069650300705187790
-838981950370784847
-4708731561276715223
-2649353644866116808
4681696810538928186
-3836686409982597129
6408361403004766830
8032859384630481468
-8500287196190425797
6043704084131343089
-134684882631175751
-8923393879540108237
6528084826140978721
2695312767074860996
316658113194775832
-824389509143104573
5173124627468211973
-962775507008803463
-1499951588576561527
6170997092710507367
5349380690366407008
2607743908124781784
2809178930483738646
2640858185152458500
1395663500995715685
1780205776807359883
-7367800025925209073
1765400084974023873
-1753749469282901740
2646294250310452546
5335927836128473193
4957835697159828765
-2342638661542427746
-4067506414998362069
7338428382337090810
-6064509263824283657
679742360936561662
-5773157776036344326
-6804215676813328405
-1117812812228302522
5774061398045377413
-7745590933033840524
796493729289736743
-4724889996955059832
6998667784804984773
6076982931056734508
-438158365072637235
9030198990623143946
-2077872939853977302
433007532905667002
Matrix_4 shares[1]:
6707394290996086078
-7981050720270344590
-6556203051017230308
-549545840731492084
-5261480134593823492
-5824371253515955108
4739142027504356710
-8411664940692004012
-391704910839007245
-8131114925523496507
-4371540071736349076
-5553077759165867307
-8724665277281536660
7581549445121812235
2715925631193245272
4557829692115804501
7176123607391091199
-4455067811538997332
4696652533432397334
-2486443052481656228
3662663992789653730
5132229812225846035
-8359070834757920492
-1013990711850247720
-5992620185614104248
-2088381110596849040
8933036508959236074
1324751598424333883
205869696198529749
-2762339622013070000
-7770010707578646376
-6334492351021000779
-480074459453353045
-8707594023331404299
8648765613430310437
-5807177453100036981
-6837020030028517399
-5024359651927804709
-6780887408461406301
-2765962293146268456
-8616083655307369554
-5778580192791957651
-5298868043545619588
3452228274286937913
4101411806624133577
3890518607723072301
1188536865445750032
7847358938301093829
7729814962492122402
-8533721909556164435
Matrix_5 shares[0]:
1927636082529054672
3289255307936253849
5239499751755218557
-2286405029615345433
-5071391882660857550
1110871905499145411
-5539536792489148210
-5543153517512582821
8920041481907780785
-3428438697344216631
1634747174835234391
5187123757882827097
3403426941125523258
4143948317796158355
8301453580538437658
2168873548847021102
6022739517956597484
7598751010638295563
-7736936844313873187
902575637561444268
-1272924385878016925
-5024822773280868378
2480335569019142583
-1545699990726772435
7405227348912119627
-8301973700660716388
6775058882662081437
-7062222435923069413
1648436377550184637
-573070202529458278
5917893377867513995
1505524497213682010
-8894206192250372801
7028225945478214255
-7734348641739506144
448982445614466202
-3665379344765787054
4689156316637537453
-5727159850857232261
3292999210054851468
6005197175026573570
5147119146148742167
-9033999027639083782
-3820172962619268825
7073626237314005630
-8057824041761352370
8307605703783949886
-716571854740769829
1050463099098913455
356161840737679486
Matrix_5 shares[1]:
6604729466741212773
8048989021978571
3904044872295991133
-284605234972203821
-4325450568607511151
4179940670522489732
-8302287430245331969
5260072169074678260
-8833374166928629719
-7960316495966650654
5131307380519942092
4594789774999631247
7633334496896808248
8270713470959285581
-6800748888074836745
-7891923700890877554
4681511139838153178
5295873290591141348
-3404739782169350982
2138422462981721605
-5742013724889385000
5618860410741507000
3074110101744552682
6674307600480277772
-5095004439512856136
5610934596051681131
-2900644858499184075
-332857474282806568
-6024356761249927036
-5802116118219126236
6338483591867471644
-5579169205886647966
-7282891286729254736
73680921873669590
911368471116880723
-5222548091378572299
-8329675883961698701
6168681634182746020
-3991235958532077127
6765666903061783694
-1791656785422246676
-5669010845243935049
-836775363462770917
-1118575914966719239
505550431701260970
-6191598188544291974
-3900791994216239620
5687585342707657923
5228677029898239819
8501638123826924302
Matrix_6 shares[0]:
7095493398226248386
1339594023634730655
-3936373394592614378
-8126694898317923787
-2645459673214134645
6575548471388590238
8635822825413809614
-1948037673272529189
-2472846115837653010
35710919818612624
-2655230089644487475
4982757360752725710
-6655261726083144594
-8040240785855701652
-8881092690609812440
-2968182887424287638
3718673329332183282
-79782747242849411
1322758141531453658
-7409667050413354186
62998501355883402
-5077693800107512459
-2542953253725748216
-1819418221117790652
-6846748412588273473
-6055092954277918541
-1157939477570142698
-3326763779322239142
5158363355941604781
-7145057413063071804
7243528701322065887
-3300564623243272904
-4980906937450252727
9160344556375401226
3999203613407011364
3314882455577319152
-4068472682787421540
6889563942817019210
4966492482258252231
8020576719937760771
5557847856827815756
-5959173661074094023
-7877230432230759538
4209530154383884334
-8215856740362199048
7012653129133665109
-6351071888986443234
-7903511276688660035
-3873511488479018963
6713608331405747243
Matrix_6 shares[1]:
3364659467307048658
6928732873899845817
7142541842501141980
3139123788290318346
7189792523589251794
-6473019321624149536
-2318878626105863164
-4749001074057279247
3260770130098741902
-333248437924590561
-7885126312581228750
-7536635813169752505
-2026702036553110323
773485481702518446
-1056547428138703129
-5728289625449937695
-8215791319122713169
-6213722551775251778
-4555465348824576792
-3375292556025786661
-7583111251089841635
6408325693815844426
2543112153730627680
3986637056924293121
-8701882836156637741
-4662407717912125379
7826240197093291266
3839075423776145389
2364082502931426220
8202834799489540516
9187139631382024574
250462737698569590
-2957078235108777928
-1602843038221458690
8211724374606415730
1272145069769614816
7155066744725420262
-8922533990746062387
-7134451301215446485
-7267484354596245389
-5573363300178997440
932434023960892648
6720738206931020017
-3262947120875388737
-1695783607849336052
5104557856204682594
3456793432178761577
3598685643286684231
6843919454305340843
-763912291742216587
Matrix_7 shares[0]:
1698326504328930762
837759495625316672
9111475170392429883
-5594905719840476404
4029470543492023678
3841813318825922526
-4642657264458224772
6210462931301223739
1303041165835593535
-3085746655829236152
-5321126690152670365
3036377068259821451
-2645612142289159561
714316160575551441
-447199499693747788
1155381961073694546
6233223101799256442
-9089186995126238579
-3682697785752193214
-8990493311342516492
-6950126169106730446
-8728395497947315952
-2173442543026431565
-651755743457035244
-5699126733762940912
5502205913915404802
-7402956797814375988
-5792811992819661179
3920349909779195806
-6817140708310302166
6927164289131961029
2133787538969213487
-547670189083015837
4886698457919515001
7647807793226960336
2405010548456392133
136000763362879070
715183734230065898
-1523058779099580564
-3293577571273662793
5097976563540190471
-5778734025605908911
7277830685546605776
-532942948539421715
-7805905928593251907
3448487115024905591
1477202824566132789
-6102992047738680714
475189967172922703
7106599061927296475
Matrix_7 shares[1]:
1832028585970091319
-3878225252673082285
-2241507482401505089
-4521081181506422297
-1716061491409947030
-2365847417463543761
582813188828668080
2195041312016968228
5598075869947627374
-7370625772807234384
5736854963254213211
4961070970058344040
-6655927001019006722
-7426332012658289886
8433507192447974331
-462162707988837040
1849056170749628097
-2875089878675558111
-7761795725806283508
-576419957413757609
690929319105956600
-6850774489451042902
4448573469870317350
-4053090381708833343
-977424238734452384
-361605379664131168
-5984681661490470559
-6576715519035539754
-8035212239243412360
-5923357470752508360
-4816509820157524128
6238870818648484875
-7298761929339724005
6837216940874110144
2499773815628118029
-1911588343713464935
4468634522811520703
4312753869629344439
4118046055408959742
-8147825197754068965
-2854643291636542541
2941891628824312291
-1051155407841617016
6537439602343953846
635759197691236689
2463943613936945426
-5723323848015981674
8298562522516440346
9180869706282553956
-8655082356322914578
