Matrix cols: 3
Matrix rows: 40
Matrix_0 shares[0]:
6839575994391902893
-704498334678704153
4648364652495642525
-649674868046124052
4020210087933971167
-8777128977139681374
-3267935120312631388
-5104466632694208104
5701763168178807930
-7565109412858898526
8708456184075918921
5099414329492517682
-7782234649047474436
-7358884078317528376
5006617499086223397
-3842821959931590863
12906270778906317
8382460332258795128
2883429536597437732
-8342010652291517420
-5192732131832091560
-3072034826417684970
9036201732470715736
1702021644975741699
-331797599276351138
-8070737979944657345
-6576817366919989380
1426654890855122825
-83600118318699436
-5444183223242938192
7703247042537199560
-2577684768471193505
8384346719567898652
-7539962592182461340
-2871458139539401791
-4293173058042602583
5842360979239460781
-5127082718386518682
-3569641769362463408
-638858828660833851
Matrix_0 shares[1]:
-8186527822170047496
1047200011599243917
739347234042512337
3754534817997928317
2133273154884189949
5782896171336303054
8292148609285786247
-1229980595070586255
-2765807616212033003
7936296764484747703
5405939718550763305
1338404228499992996
6123897712840798749
-465621903932564746
-2890324904656689102
730788275482020035
464245469630315481
-3206589444795986921
3784662357684229814
1926136368158586274
6057566182397447540
-3329027166685850070
-7197546353666002136
-7807085559632266023
1522496171176878361
-6766949916619973840
-2556610468795145149
-9007885099592862622
6028186572821946840
-2235492624907009917
-3593070030651883968
3046074224376691063
8088634360185347058
2041259989924742798
-2501870412984635683
876395048133872371
-6146546673678731644
4247867189859529111
-4271133363301436459
-3009176022946796846
Matrix_1 shares[0]:
6110509554339425954
-7432202003550096849
7824872238762536557
-251320778825452515
-1005870548872912878
-3109540346442686670
-6094691145754371802
911384267734315882
-7453815995714349020
-953548164037772861
-2706477423369738622
-5976093182461612141
-1730388492740788327
2229461734761298934
8260898417377591573
-1160004679659970205
-6034655798784641546
7479023915549849558
5553880145077587640
-4250253864631378234
6101443799969389426
847569664296152729
7571550196938431497
3703778957252065278
7007584984047920449
-4348132809372889746
7812201313665069695
-2009233944266631830
-3749008243276336959
1739834003758321352
1114278213106041217
7222848243750674518
-8878312115800979243
3560192766693419431
7485383311074707298
-8829745592204605910
-3183873241085557310
1459667553777894166
-7526445357549973880
-2066542509153327610
Matrix_1 shares[1]:
7417780075551864235
-6767193048382033884
-7898092005786412894
-3156783210085123284
7134423742010147922
-2918308335101340176
-6062319760557418891
3693815398917257890
1316626430680898868
-3493810062869285174
8975450463316658273
-2718770372378897580
-2772552997368373494
2076138154189696262
-7734791862272536721
-6980315873296422466
8384456104692475317
-1230274932373794510
6552534519659072324
-8789375144839765740
-1273028271980622837
-4616526335262639043
-2417114919864458319
2325009876863433186
-3210841362747917240
-6480677093715975884
-8658319159478038336
8689497001268018207
8112187436940846924
-7931114683142282540
-8477583478545900383
-6023002446290964819
6157256984084917099
143505346933950972
-7584399880988325244
3834586279187499690
-3019979098130515607
567641141799095575
-8046541933360423301
8977021851019775598
Matrix_2 shares[0]:
6751218388705567051
-1739867997634278388
-4940831864050131105
99319290342544021
-4298376471464173599
2931074156364661771
-5998412900519976322
-3108264786267372232
-3363676921648132080
1206123817856716350
-7473878398720492836
9135523462901683655
-866398559247170075
-3270148846578074863
-4332655369350520397
-7930150825595944689
-6758885501341829939
-8004651009004688893
-7743685146087524326
-7541065341927609292
-4090450639912911003
3650384730916537684
-5896652748375971696
-601017249636651578
-1748476170664125140
8291458847188770943
-3041434790330831046
57666881589004560
2161155344085432941
-5895590309554778982
7736371754410256871
-2411967771941810874
-4528754520237926232
-8578296984740704269
-5307328597265249286
387262051723015155
9153871244565496576
-7537378088191502465
-7401501668823242630
1439415757700149767
Matrix_2 shares[1]:
-7342739142035360728
7765878103757817028
3525304248793219661
2039474318948570764
-4712257023245407131
3128882003100621444
5602290777172546016
-7599002916237991789
8873705483519276027
4777590753980847372
6144727499695976575
-67967099907036344
-2229400393680498018
-6767351789220737834
-1312795754974046155
-1370839751196649096
-5044346835466378329
3330394879423768913
7289827603932040827
-4181283191587950694
-2795474599184452265
5454684515823658065
3891566702793213660
-8534979612338618922
-2569086453816460888
-6008785551701156086
-5197328310936966557
760731920567442432
8392582277991508982
-4747450294096580305
4088939741473918896
4455788229117330987
-6510541343921429353
-4773551084995617271
-6826671804115961440
-3683757085039006792
3749619889692799208
866159736094894483
-5830941764816687980
7154375262643293159
