Matrix cols: 7
Matrix rows: 50
Matrix_0 shares[0]:
991026680422712368
8242233784362797483
-4035214835194505912
-6310931234368384775
-8326516207200264616
5034533951661512161
-8354662454681199661
98128642175215559
1440865123755903421
-8872437561256331937
159407720819106630
-4305623826153253856
8417672055646712473
-562910651073821410
-573651682436217684
-346467956432637597
-5890536209791864788
-3672442278975204107
-4156812858023559277
-8050961927202296033
-1274589529304838558
-8219763596285020244
-948259287823957432
5291311594718500630
-5689289757743741470
-5693325342084029734
8446031464931759089
5160353085752344100
6975251765216020027
-7036458816853644946
-5658723324592771853
-7105019319372623176
-7729636871914764916
5558234915794199787
-4358542669798551399
-1056164800840110702
-2939996976503197356
1569552752269708369
8717497194282191105
6766089815981640767
8977112100225007610
7931144666557429206
5310354537409761384
-1491688977083086706
-6886050950065113184
-5511044002313247127
-7077718058115103367
5467461598159440785
-1366946634486450783
1267585157903067515
Matrix_0 shares[1]:
-3373358227107937421
7299959198623008695
6423470486360299713
8245688560754717975
8480011622219580504
845190087411296400
5325124975016589653
157144616153811799
-411121304411076535
-7403258272816720205
-8115934212682943840
2142198182149298280
1373165666941012162
-5835450345443501754
189731307706477556
2603554338768878789
-8702003241085925339
6476970873554861631
-4390387581839532488
-494874850065400672
6173613103931272300
-2340424537588256873
4126102411904939797
-610524556326412378
2814947400026175584
-2968523820475102198
8562910565293516773
-2259342797384138074
3976874725400451089
-7142804604087259298
-6448818132501345842
3687388279138564749
-5084001417649497106
4065424382972292762
-5901480099786173668
-5305729342633241447
4366161660434731166
-8656591506241116268
8260844625478571288
-4064520517231854060
8873005726159407804
-1161986308704888535
2101886243153029418
-8316185797977451181
8720495455085552153
5504784852668494610
-3382756513927508693
5351924818289029583
-2650438765266987790
3127049360951342831
Matrix_1 shares[0]:
5291837396665756369
296261635494725144
7952075821556303831
719992798355872929
5492594715200246399
5065492436921976895
2988966582542186822
1817278742151228911
6519509152972123450
-4060104616766205124
-9010593093001940539
6616880678900905209
6823794322582962689
-3258346613433301235
8522483901317342265
-7583810758558606618
-6372702177506045705
-8188081512712297352
7615919003672224334
3670291875703009447
2767885266578729667
-479771997439396322
-352286412434305913
1164131864629216810
2053629217801582457
-4956895119076999944
5740321715145070436
-5722467837210831124
-4438542192021795942
8348272031101283800
5413305401294514886
610013398891296071
7607885445941543685
860383021115906786
-1311668614067961466
6945837425546141207
-5613064555606643747
8910065017155536713
5650656374744615875
-1579538657888637997
-7876257408210170655
6093369354838442788
-3116273958725271476
2274917052832472900
8481715050390822530
8398799797530603228
-8806244640470217216
5044894569369539087
2782019553501158175
959344620767524317
Matrix_1 shares[1]:
-7488277777580382481
-931806479886158797
5221773314083532575
8783116600299798376
-4646463159231504669
-4559280141549320317
-2324398768014746524
-898499485001352822
3814610228600180197
-2286029235058097891
3528754974308370292
-2230420684222101176
-801595336288268043
-5413418244449286964
465682698858005853
-1064281593120279795
-5980272790850239169
2997025987878520795
2272972341865946527
-6696486808564564054
5280153289709846518
-8354707781054830230
-3382448234588846395
7866182681511443545
-1967026481956960046
9207296802105621048
7590254344841191125
-2391548782296393648
3735837493536665100
2026880733443426929
7425061538689426938
5828188478299124798
-1206513039158854738
-2843510479916415433
6800839569432156640
9116798816970714954
7730351221168723954
5201919424564902205
3968008968503671301
-6906119925227153788
-3878121967484219272
-6395886484594839734
7639784107065589199
-6036539673514655942
-4352243828756416479
2949563385613120722
-4867200475579017548
754393818497763206
2313597130023826367
3651067948989200218
Matrix_2 shares[0]:
-8883473821745892161
-2314091949993184252
6808154628648352968
-435361625853415253
7092369609981424535
-8391818535598036717
-3077047272287932353
4747394583768610835
5442551832204119724
1939026510910858779
-6877146298839473059
3100923265875076739
-8042570498193979528
-7348497310421055839
7740312688056578797
5483273923716436679
7946098640984556541
-184404119951939697
-7155323332300091450
-6524367802497295301
6090872629332789832
-256050680569314610
-1450204975780288530
-5255915931909160987
-4982603609126764954
-6071725561700830473
-3679318258987440182
-1047446993913806226
5056697972135989966
-652593280416741303
-4149478399026111785
9155642282273711621
-5746045096210795825
8756584640362586169
-7459263518713717787
-3346969102163961627
4473774066153177596
-9057166692980700094
-9046701915247649741
-8167986022034086022
3293021111419900587
-1965138028125804684
2962378713380619736
7196642593744848244
7925014598986290547
-8811779839970524008
-2438136067996745274
8226368206463681900
8224824657039830931
6871163026972440610
Matrix_2 shares[1]:
3275691471107787205
283842254120373765
-7780426958973980974
-5462687794797280067
-5021016325625849307
-5946320189621053086
8886378327822548632
-1944659228290646491
1963956826618840167
-5985041128628614992
-5029558994001428389
5612644128040579519
3051050120744853943
-2864673399755305416
6852771141254087567
6449958700361796751
558692328623532995
-8313825808834664590
4544461419030645628
-7773544236912394837
-3808808446884127419
-8503622512983600196
4167743794161081609
-388840490272129762
-2242436071984292909
7761962039760208925
-4682599110940548035
-7844617874632906382
8939329205988865743
-4579870985785812177
-7467563797440904586
-2699032138258892704
-5094505597263606907
-777744223959517440
2611392782648062312
-7363444773986901296
-1341158639498438323
-2640907437323031354
7941907054203923076
3318527998737255877
7052685464381737975
5802832807245385511
-3931407080760701919
4499938218301379845
8400338288526235862
3507173382036815251
-4591887655008337150
-2007088335501412943
-7891311488595146760
-7063947080583877111
Matrix_3 shares[0]:
8164608791857116933
-5575289883492321149
-7773309805531291886
-7012614225386837789
6324387840037432639
-5993046336293784877
-2978038042483124099
-6083827668001788331
5359081049145418408
-5977505283159125924
1025167896378059669
-5947810678398085178
4382258881771203148
-264381708244538979
-2726912696591911090
5836068305022256415
-2682239930974375596
-4779331788412505733
-8481692905031540758
-4917177685357505804
-8807917276154030740
-7154383088624575651
4907293626230199870
8947329349456349959
-2687115406602864187
-8194635728037935876
1822336738304480008
2278928059139649976
7927248283343197741
-4026963663103095844
2601714528508553020
8667282871123362554
-7269626124766447417
5274938633630279707
-4490699645895559557
1334668898458848667
-8963400066205657454
2860075142935612617
-1482671877752806414
-7770317530449332915
8709107949251134238
-2916291517307920502
-4632508414488642505
-7233798974552624245
-6996304405145486161
5986522012790284706
-8226313045444636035
-2344601782725166933
-7433188324813116167
-4423699994600946848
Matrix_3 shares[1]:
4149595147137413865
2062899209497363128
5501725953071958635
-4641787457157289429
5404622990075016302
-7860506592215198722
-646012524804752373
4712537873021941570
7876479320379196183
-5700523541461093467
121270599272265547
-114083831256752235
-1502388738742974832
2784811541260891952
-3853796783258013862
-5532087418746029020
-499578100944623788
-8499999364062226109
9152657204842574541
-847896025138269022
3904081522179822914
-2065976328536459674
507937266887526170
6140039910023653469
1946567575879253339
-6043395940481205896
2444356486974517074
4059193584723181029
1475762674111195634
117351730283155538
4010476922013915957
-3105401699677590195
8497452856677414224
-561207500276186505
8118655802132566326
6661619495108567880
650980167343371474
5220587020704588835
4732078957634305219
-6946177373419605282
4715569389350641291
-1693857181681739107
7756437402497904873
6591247846386620756
151742975623523880
3357340427663063082
7950852829759150871
-8115678315338398278
-4593214029814953659
-4992362247558719748
Matrix_4 shares[0]:
7208455568058436682
9209495924008645325
-52360480825480288
6535708225203720844
4663749776930188
-3392891251775451928
2413333663959312673
3087095480984290982
4942594437569557490
2908344624914888353
-5069879639269006078
6375967708739065417
-7946389374423339345
200828584702314158
-8373558172852102415
4713192154226826302
5191618203349142270
-3848634924932886175
-4214329042675645351
4559063210890554824
-4045196791133053479
-1284740363028055367
751905006926471974
7810276552834890181
-8906439325073301699
8657299355505729035
-5020302590456181654
4016455472873908449
5459918594433082709
1545947016517318424
-5713996540044123003
-7939088135288532752
1201213505896934439
7020997421814939455
-3969871518843654526
-3048603258253848008
3501767953163729271
-8382823437289544600
50822509496647989
-901232896068786163
8593405917522774403
3567252583343921424
-6912670359283161038
-6087053692199402796
4938288845761355965
-7455404706981659186
4218727847873356693
-8777538707138394695
-116386360792802626
-4276224462176833992
Matrix_4 shares[1]:
6014337242231099515
715176116516145373
-3162565512805008905
-4130790579390692178
-978424145637416664
-2270757253850052245
9065511141550238720
-2348442891168886468
-1099432569241646455
-4930874846539367808
5260247753525618328
-4439642338885314952
-1589647306166791772
-867630259291872172
2602626520937290096
-4092478480253683089
3419455562649844009
-7125793325973780229
6185772544872283749
5982334140224883523
-9052740782360310377
4400972124128248576
1613125504107498002
7099535565811783399
6699319953424608627
-5127173214945451510
6286706347376302402
-5983862711674770379
1930516527945339473
2153673228212728181
6029033859452023937
-4055899276328661326
-6919039849485695049
6765795514166969256
2227341443179886012
6028124287771966814
7776634292996043903
-4272948583047381034
4535053427716318001
1796858993732182959
-1632064713779003750
-3565979072749510341
-7831343238759615257
-3971875728366550007
-4886777078893046533
1024778554726291521
-903130800591007958
-1137611395693265242
7352758669091449756
8069138383463705810
Matrix_5 shares[0]:
-997383468623133771
-1816160757177843975
1163151437620026373
5928593230959422177
8051521009741491187
-7300838735156641055
-5824095014144438672
-4253372933572034451
-7664948715452118733
-111648971347607540
7350221721393826663
-5499792927879338534
448758082802729919
-6094210676543037830
-2386389964501013599
-5090309691966963804
-330842557739209731
-434901275838777226
-2933104808523066576
5223881366112789459
8211167403780763750
1035130293173061412
1529301717003855079
6787417316370356878
-4736473452445756292
415326751218714409
1212213180188109600
7412057699108063682
-5340321466178619929
267443532421841915
4245025174544116627
7475552739781533367
-5913165964649184627
-2009628161639593559
-4465569095617673844
-5790489394183668808
1460655042692055438
1907776519900941359
-7813148202605781110
-3257934206559245515
7733332187780837189
-1315437202422672841
-1637463690958601527
-736483244762092430
6836859866837655671
8252264403408474638
-8992464806624513794
6450353547366553699
2233824821223237780
5941616699009336983
Matrix_5 shares[1]:
699099062253921706
-168084730566983874
-808391845229803093
-3332965315146066047
-2462299082166501488
5766310632203687383
6975125766774959072
-3704418433958138942
-7516218309342848592
-1559422415814507467
3389131338701508465
2451999339549138675
4298261304495217186
4255054533223808961
-7673060472340962120
-6338388011250735319
-5444407830244984713
-9075648167205642159
7039113763103478454
7092132527143641184
1642714350412781668
-4271379921212026343
5698295868262903877
-2846404229930350098
-649553569642899997
-2122818680830718938
-5499811180835813388
-1475610926800084921
5120898533817188186
509710482619695698
-5341202190057373192
3322973775909847906
8107050374978222922
4214235615916348705
-937560159223111300
-6913869309928256717
3634542963033812996
-5915380952635049597
-4989992876314117123
292057873433906104
2691021868823960793
7646854272343280595
5834472639994500711
-723304479291421727
2735847922233226738
-418068442710624261
-35229903874361460
-231668234451589152
4660545264083851022
-5945154331793367062
Matrix_6 shares[0]:
4056471673090252709
-8757960395291126354
8609358469082742253
4932286360627202138
4214922515874840856
6817558019345435894
2114901382208618858
3047221115705455785
-4807782426397201984
4983957407050200675
858486034115274277
-1427820093329611045
2832796981151020956
-1032797788798381390
3240256842126958459
8304863335128160935
-3501653769541803675
-8558444798938829490
-4541300038377492097
-3047039335819437717
-8544933277954801698
-6918459920515358029
8142166461866935456
9056455472137604709
6755839047189444921
1986824225251051559
6524361088738258870
-9168632185599291635
1938988669909392204
-7588939917221088807
-8179184090786063166
-3125688011829871179
7578374541093390827
6323499568304311157
7469669740422951038
-5008603701317135467
2642174444364615652
-7678299545079032808
-3707132870103648756
381260693414497008
-7550551998613201782
-8802306568183663050
-673968414092775674
698794202532126687
103616319156716132
8622163705191141238
-8093184156529004305
5107372709093780696
4678817685262754256
5498033675933332015
Matrix_6 shares[1]:
3229176190269266178
5253392271774488525
-233594956860541942
937240974192133829
-4991922409325478440
1458694757750879202
-1262098544825589751
-4785776351132047853
-3403845633170556574
-7048171734387609456
-3597267966515264917
5750959064340678791
-8423794486931978317
-5855252119116661148
-2145647201893079192
-7021695469023048190
-3990091856161142639
-8077399718294238105
-1550616855154301834
-2036695553751251674
3995999682918458680
-5754666953989038162
-8316958744723093348
-3972698082043671168
189563874394244410
5238203260806626311
2011633838898829343
2961074297157986464
4217654750361922440
-8111601744501846234
-843626109295868372
5179888005898991270
2594252609266915309
1880368099730643804
-1942190478548102980
4615116884797022257
-348877091470569886
-8863458794852446977
-3547054788258503650
7766383270054771056
-1691474373743859287
2654950429441553781
-5991647834464513814
4855882004083046952
-2032448755915291184
-419336768711579846
406612374804378003
8862544083730307557
8559089685834748922
-964885178967069011
