Matrix cols: 7
Matrix rows: 50
Matrix_0 shares[0]:
7304003157286752649
3674518094256800401
1864807659236141600
7149289774497279871
8951908920096137365
-6794006996535547617
-1206493180871784101
2581462847176503703
1972406423311166237
-442212674674848212
3940235036224392614
7479296023470913872
1858265727694770115
3302318897814811726
-6745961765021659484
4856727134285304027
-6016980674100197686
905119923470647437
2933869402713492051
-3972180014533374066
2810078273516076746
-5364890718143715694
-5963845756866160703
2669570379478607686
-5652974183631967250
-2339067406157265968
-1867503081729989488
1521114484508338536
4141008522663357692
-7225308896019418267
-6793075841750529944
-2608164052441020447
9183267339218598513
-4624633354495360268
2907755153473707441
5540059016901850886
5518986585095917625
-3270422507210651204
-4238049889092290219
1724035639608493342
5143950833212717233
8491879289836589566
9056099934659947938
3346792924763228196
6073659966416075313
-4258845737730131846
-8098531864114596345
8689126541033843035
-2857025287749343758
-6736332508934425939
Matrix_0 shares[1]:
-861422517088434791
2707298858652859901
-1464160749334493282
-7377382541761545540
-1868105388278748785
-8920046538238683736
-5454728316588723641
-3267244826688729640
5323945070110754360
5197592005375924060
7916611281176056926
8143408950943641005
531616232730429562
8068235312152070080
-7758868339205191592
-4485824896440072234
729107131065847792
-6528826427390782215
-3624191871644792187
-1857229969858097405
-1471097697864144343
6342669666667036136
-2067487074796386323
-1890896728501479564
6090545769757973217
1186697360892030410
-640474743462161047
5437541144443555192
1156895988711343646
1384202311658249079
-3457835149003144206
-6263245853101037174
5443948236490323696
-8643559064074156311
-7524797480954124110
-4358661319112043965
-8628749619810175926
-3452608613759698793
2247321751072393048
6158905685266592595
-5966540130731517522
-6226061745672345038
-5081100461758373825
235319278546193828
522792781697399058
6812101780589799402
-6808363151708209074
-5187852345394537141
-5003348115910912840
311076046875370258
Matrix_1 shares[0]:
-4824117961589068114
7477374617901667800
5299988610975755997
7545745390046055846
-6692085320456057402
2589761319141836251
-7091542291145922627
57398969380641464
-2945143015391955717
4876915844875643350
-5808281192249422209
-7344929719598193038
-7669250651918620071
-6627907800212944898
-5819951030400909187
7705723561322021358
8396396380994181964
5316485620713881253
4350823288588143012
-7041993022638615396
-2552816311625271645
-7758560495547310774
1385994189517726615
8226355954288400922
3741063783618403711
-8878978261502624139
5734962238467003371
9160910293003674770
2782533408946475626
2909258741875735675
-7847560986514464277
-5154950861766166890
-7264865657814726849
-3642427263644399677
-3054964474547978274
7564497857868202264
-6653158571589601975
-8989852780444521428
98285609435511113
-8427635423443192323
2710231745688741166
5861547560323603018
5921692195284617937
-2881361595397279745
-3665821849960575638
8968276769479925225
6032405359520558777
430147459879404317
7954392389345938835
6309743465643928355
Matrix_1 shares[1]:
3995927449740787591
3194082199349536661
7605604754873286116
-1058335974630313571
4230429135570140362
-4794015244806635473
-5176877770237498030
1753335786029738172
2365639178569542555
5907783677550984362
-1216314429473908809
-1917771008757798268
6656524642999483752
8614355522656064300
-3125031068785877333
-2747726079488727810
-2598506644232625786
-5046077933542881817
-6648255218049547231
-13581132751974137
-5245838582494977548
6094835533852307162
-2581077441423904836
-2361360734096653521
-24280955814559991
582456518203879636
1146527694407853105
2205027340881579774
-3827102721548335525
-4675223246328768994
5330994691573397521
-4795347666967279291
1909591519331733762
-7919144307120540603
-1738659623991995045
6647958178610593742
7342713735054501540
1194133876740911033
223204699468887144
960682521718354384
6918343548907050145
1740921775204309683
-6087394054924720565
-4739202408427186163
5113608827228324678
-5606386509747415747
4575951201102938011
4610677449585034294
-4952303851148104889
8238469343896737210
Matrix_2 shares[0]:
-751103147280491079
-3660896793155972239
4992592718900297141
8494545115866018276
8942412039998259158
-4974686249303758221
3476636442707531754
7421679399546320373
2617643539874040617
7769888853437409941
-5613162360914751693
-9092799990219917403
-9072535997871850105
8662066419198430962
-8807168144992173886
7646902005427469880
-4371457319747645099
2948873048487493671
-750714750442060645
-7644404782832870953
9024572952620143681
-2140982404746909938
-1802614960815685111
3479100580470260986
-8512751182105645780
-4570049774998330058
4059850270341043498
7088395549782235852
5428773379776403069
-5251120022179396549
-8637290868328266157
-7910791353382642105
956317958556358571
992007660158407990
8262607561552818589
7617136707196602570
9069575585058205243
1855772702964353609
-9107012516900866509
-4427771130221728346
-3652881965425196456
-7498005052260822884
8780507890005314071
4194610620666491012
-3142434139671490688
7035627133516189738
-5690045244417003372
6634296204789515117
-7183847097475607419
-8810532999597677492
Matrix_2 shares[1]:
-8855990357334463466
609365859318741931
-6885967481476221166
-8785790883812192602
-5396145743052031276
-615953917858482600
5329987464565345929
2743495197021476290
5458389218616250979
-6638387189190742990
-9196363792685050652
3964793576150082861
1440978998276048081
-796110615749060728
4948958959131573043
3133203277878842054
-4064699098524317382
-2311884639650889585
-7378225356075117783
-5594455968424663539
3863298701375693410
-24966139601770876
5095136226683522860
-7993966532104578776
-2807839891184369099
-6807132815685064159
6230175087141853926
1790470086549284551
2444015065097471563
7017437862954273235
-759337201596912097
-1091983516627139909
-5721703431600046087
-7811867137935774729
-2772901212463404766
4441840464232429528
-5760645650684924258
8562278090189203841
8841459029159970324
-105505037883410394
612021624055341985
-3550996438913463407
-1339772142989441397
-6374479273231720178
-5747620725898879556
-2637641523744241744
-7874132198226272155
3866098329948883645
8817135920484521387
-3352751652733529537
Matrix_3 shares[0]:
-5978529497127743784
4479791917302534667
6768804593361743076
-8292561804141732839
380279562094987039
3741959193458606415
7761657139257896563
-7820906631263093762
2596468737442399629
-3618388004540890295
-5626592318839200249
5075995562914681621
-4426907863253475076
-2983850050994714128
2758597500311410280
2030909896121730581
8423274775065895550
3153810744863517888
-5599177863373945088
-340567593554615729
456327910920263214
-5097555723894617086
205406320986900997
-3868601790076434850
1402351085368141439
-7436221395877257074
-640430084352363231
952143931455105112
-7862602512069088598
1355241954281873621
-5863598740425824310
-2486433815751518720
-2385531659131952674
-5467614996779950665
7454851884954686692
4184985252883206888
-5054203655950256923
-317807897562295200
2649441275280601598
-7934089658727603922
6088767928807315955
-4201657035111629688
-7512119315902234183
-653119537802842397
-5769122063630288217
2848211269546848521
-2893089881383214710
-671048447751067725
-3660462092145216616
-5478860827195585706
Matrix_3 shares[1]:
-158826861454271298
6587342260855645730
-1055945225002299993
2397214028912116403
-4980454629088097955
-7963640814093802446
-6459479244732047431
4058348338028489196
696095751394052068
3797615454934871202
2148708162571862460
2987949221271051788
6600082760966699652
-3918070972402386230
-4604539553391379454
760888408926465375
-7737458894048282419
-2226040154564707641
5156536993121005953
-3629188680570882183
-5278174589408977535
-4961758134395186584
-7621285018519170341
1768165387649686723
7944371331098767431
319465771314787662
-5770550577586383027
-3012671020292698089
-6365499397233165853
-8273047619096349366
3223941702689477687
2549704157286844492
4586021731598261541
7099254084925157854
-7372644469205277127
8403027566953845221
-553313098821094908
-3161695729242232156
8060582859078077122
-4473952420492502906
7140604467484743866
7945573781045663710
-2348836928137657746
-3834211145767204406
6522846784465546613
-2967965401453328095
-2489931723702416578
3646414165106253486
-3358870119211210463
-7081430834162854706
Matrix_4 shares[0]:
4199931503591474393
211913871145950058
5817904599212664484
7032291515339602656
-9173494758939462667
-8599055045555253274
-7121635053944317122
-2917719792697494654
444387565019227591
1144937714138624132
5772084194337174050
-263349038803097307
-5971341305621371228
-5827048158376588053
-4026413497631594423
-5719010140912306428
7382375905465383059
-5942456492149663092
-9075458019105231014
8777997283238600351
-731461766570442387
2489411275379461003
-3448024485873631228
9133958958352776268
-6727129003219556194
794468655938905508
5756179323064062688
-6656663647043722764
-8034744961964440293
-2910137621790540154
933318472813565198
-951549792062469776
-5788843364723629068
8959664047084972775
7931053109157382363
-789014940974016944
-2871277177532204302
1407050562100012045
1200776617385811863
-6906310596913702025
6844484375017380071
-4733608963554919246
-6023150831030071808
2076105197255283096
-4289877319650633996
6638326621111583794
8174788556224718492
-8117208179483864190
-8485452668067943008
3731958309861760881
Matrix_4 shares[1]:
7006978931168029355
-4269121903272817259
8995578372251082792
6019753710141782814
7870277203686383437
-6960600146073802238
1665936211058609287
3687942101708843853
-1331970372839950464
-4942339044789145328
7863016694871693843
-7223298857204869277
2129627597845944725
-2646523850736041650
5984056897107333418
3778388865166850921
-525356750332699690
-1247384715631245980
-5735235570341942811
-3521783570580168448
5344999549914954314
-1813184357891765924
7899948278509155040
8956702435309143309
-7612051562917224651
969349171625972539
-8070099239471598763
-3999085825934795713
2775070719147365515
8789781602698482623
-8454120005956826636
3558047305584565651
-978483625546415114
2039482018920921911
-3696540348908927825
-8258487925951861292
-9216823467289498205
-7499502655721119999
8219872081812438355
-5156994874115163521
-4367432195711263972
6898537490163353928
8819178938895863278
-9093061518514378563
-2722369222490253760
5318396605365640224
56832793807310203
2496096503966563014
-4135639040534102473
-4631663184037519436
Matrix_5 shares[0]:
3797855419621908112
3473720920127102902
8434051558543234076
9022328129292807069
6474044659724942789
734858516466622480
-942761991064085218
1882144171995457483
-5534019965031401615
2839353197765103240
2513117955261705329
-8338034784897725011
1842380207868475709
6851921632483713873
-4772202760242820941
-7632858426737980506
-2707582161419295371
1926070356896456503
-5390953528856789967
-4655103933485710215
126004533031182226
3932627431344917762
-4363214887801977309
2702179948854036669
8350075736574968791
-802768352248998749
2944545256485501671
-3375859040003050583
3874563395936287378
-3208351571472846983
585625453745368274
-1944480158950168315
-7714198635970385282
5584394813592231449
-5730911302816395581
3889641164179904556
-3403966558676133688
6137987120976459380
-864178823464795893
7093285488079095224
7585219089699387214
-1633905142273273303
52631133649993669
-6041572817423167113
2469108036487153106
7722052888166636590
-7166381127140833888
-3688957073865550870
-9067032864183885974
5483265636488572151
Matrix_5 shares[1]:
-7046160881200614993
4219510556541732375
878653791705251880
-8879035812925238966
-6767017982884498679
8966534948068760682
6757251346999626729
-3587991266604696885
2733372092526031956
-748624677547950234
6347026375233733628
2647389254263256056
7452080011302080073
5806153514773367294
-9067847787769535315
-6627595934724771932
-3661524552127382291
-4444567511025997083
-7311142341008852257
-5016872853657804481
-6137876205647683028
1614027594109229642
2971251940492258926
-6621972887077080337
8368712662765313549
-1846783980174772470
5771651548583734152
7610075769614456438
-4240956415829371616
659445944229743703
-1761474053696604468
6941030381243540159
6080469570091280434
-8614954520824831600
7291580890231321125
-6809243173178771422
-7166621295423127626
3606933513797338145
3209041879821465652
820130171750578210
-4157151802738339572
-86902181833970923
-9197552128365786146
6296520242467177983
997507700826929068
5158404702975150645
8401734723941812073
-3345552388981179771
-4489086992018070007
7635554951101885600
Matrix_6 shares[0]:
2794290208393075099
-9112114241578045325
-439159565795617466
-527085435677496732
-6282517227860692632
2517598056579191842
-1470951670461654117
8484324798448788227
-4175735741770987174
-4806061525119424474
2096811851635462590
8607671607719810140
-4756317033579752166
-801402215574667169
4762604671506250805
9074482253331511782
-6895267282573217695
-1671018100566713780
-133422906139408717
749794859150530420
-864709498111322968
-7647422591341421491
2742111324339086648
2263737968744289723
9033959045243842923
-7268575904703564463
-4438035416332941298
5196411557983456832
2474516311791221014
7299676722781351081
-7689679224644324806
4475691619596673233
7702117355327232760
-4390939878873634992
980424777421944075
2782712753162556347
-2799933675788535399
1353316534306114168
-3868371302977374440
2658140977029986013
3502897210677960884
5107064741059261432
5328269542106336360
811856107559877445
4918192076778950597
3811174339583091462
7329331962486580955
-9157531619599093214
-3583486186212325800
-7189964856073016473
Matrix_6 shares[1]:
-5849259365719203462
-3049884607879505182
6267220849307358972
-6365666745961426984
-3579958280078986789
-5669126102061617876
4546887727156828100
1765937707355884905
1688466904106017730
8326375663378482018
-1615199768704263811
-5408491046115916893
-5360970232185891615
-6589876294463941574
4206899923636933180
-4926993709838626328
-4010970650598858961
-6699287933871093907
-4915612584444354810
-2264491774628940661
-1141595717667574349
-3598640742582423760
5704619189184759546
-1884849167605387144
-6052594780587997409
-7943088990756333399
2699631749780501529
-3632018247535711846
7283428151297237815
-2353793903222713867
-7838015073354660773
1318708179181258961
-5518675760767590136
-2242350349726509196
1337519179567332312
-3899835589217766102
-9077070236995181530
5330449454202573364
-2429728543165599976
1689731161639245993
-8941650519897421904
1573875943680351388
6973530335014415660
8663281486111793113
-4143810320731529165
-8500606954700231158
-3563374823169905458
-6149923225453156214
469009388423544217
-7519742993700061590
