Matrix cols: 3
Matrix rows: 40
Matrix_0 shares[0]:
821269245661967758
7400627432742703575
1800323287154415828
4470622806367159864
8557512997521354756
7545761814117456743
-7490068648918112848
3101815520458426924
3373519861329235676
8998116815532883888
85069630945022376
-3360628009566952204
-1260021087756150502
2263016968376814787
5734923315703588660
3241520852906813860
-8401863989991073156
7420657005946663066
-2408114164088871746
-7473043063695626156
6862254713880957688
-5714406000889925731
6349402555577168796
2888772312515527298
-2722780737196584821
-2801987498622583809
7991208904518563616
682308164054443055
-4603860936406041918
-225295678768990422
-1743610428011841272
-8859516280934786164
-2305469292238389808
-143558880846969972
6958522914132475067
7416294681244899557
-4721212269255346994
-5208774694706403965
4411337251859791117
-8701380870310857160
Matrix_0 shares[1]:
5739935950098416107
-3776947335104188798
-2662356204767827174
5744760768098638323
-8847528577062995571
-6067072445937575730
6125668808902651068
7148665726307019827
-2002122084721980304
-2916674988124129906
-5768357480788017481
4484965532307821209
7451331348382268553
-4038874163745790499
8003450800121323758
4351773052113238610
-5359511397039333852
3528664111510287354
2036822641420058184
5330766929693914646
7849110342357523329
1953147297605056802
4177747263868922874
3293690713428000643
8116877404632243324
561595248123011611
-402886801851386986
-2198311142035142357
5234482636103649766
-5734766965088908218
-152331490352894569
7124925722990018672
8186047907835366795
1606941322150809812
8463167902112690485
6990515503477101349
6893212180489202222
6010216610417635566
4906768975880219808
5687386248694319177
Matrix_1 shares[0]:
926988137295820951
4866253045616474124
586612426410169469
-7585232407353826060
5019891005519000353
-4018393982746393821
651681552627351020
5102631142173317070
1969465757662643333
8870865105906844033
2840665343405205206
6374353008990318535
5135320379288536456
-8497890612612265483
-6105798547739873517
-4520358437342342001
6948656138958998887
1867517105594413604
-6545355220953614209
4534854225237709600
-6222444285984389482
-5296087437485327258
-295642837479063337
-7936812651362903256
5722292491018561962
-1682552370638008135
2867404374609494150
267665888072475522
-5453913288058318587
2078483364530733607
5359043309293698253
1003482380628615262
2363115191620173041
-1487812306929667584
-1412596772328652192
-2800347109900753451
2262180360654629871
-2567612092555918987
-7394678542368268322
-7426172266828393303
Matrix_1 shares[1]:
5385020533538962270
5221024283606960520
1360054437914692
1975025399336514359
3771761219832680710
-6454886186054520494
-4689811149313021462
-4655821663896778951
-390862585184871387
-5684551209115330850
-1913700024362806378
-5977821835761844942
6131826789650505876
-3240686123156290856
-2381457679488668893
7647268560311702271
-8744563979531053678
-3202496063662025955
2125485161384525552
-8545402962300684220
-4599874147055137175
3939126676574272764
-3549527223454867318
-6803205246394206959
4523971830326651749
4854133776752351205
2153205352612568643
-757919636504560172
2673434155811736213
2997566492782485895
4705592575526770723
-7118460535081251795
3313341081182967951
-6136403114563416253
-7576428409744074323
6600693828696496603
701702046017541089
-6450414757992936936
8044582222088709490
5445538997929050203
Matrix_2 shares[0]:
5217785804186658041
-7112339434316273083
4235947208598274618
1271648958489086466
-2400757900637299108
517562779237528061
-5230692798413977788
-5123101219915925421
4256121763226127535
-3395437675057152248
4727736571420340334
1875835601108433636
7466335659833387509
-5984614650531991276
-9104663713944369655
-293408662327982174
-5127285470215679576
1046048896172804636
4559613311561292619
7820292080183316386
1176522861541211670
6611896387444681168
1586849461143453350
2056938057872185679
-3665632085848194642
7632940928162072671
7486183119559580460
-800849379719658770
1530327498976182053
-8533935742705305077
1527995999857022830
-412916194128822773
3515511292763607502
-6321002675824400886
-5828018825207613132
8072802191169457464
-5973822284287913538
-2559495176704267006
3904668536258494466
-1997064975492091601
Matrix_2 shares[1]:
7986840323564723274
478191185494633813
-4434672490717725927
-1181597174056321080
7047262378616056536
1782957051298295943
-388235388573364342
-2839768112504157440
3046791720322294031
3911839984095822904
-4671445797253803346
-2176858748772713947
4948644371542186777
-5729832922239645060
7124862745501334648
4991154591331668744
2094715929956670809
8381153742398050656
-47972163086732108
-6928569362373816779
-936661405358868379
2962031327376888185
-4518058120833408321
3854425229562520933
-4471921452975503302
2904979591543223489
-4327841399595876962
-5160668896622872397
-8332239530655466829
1000867584977904583
-614594992893833505
2038083450534063008
939175639175665512
-1153949644597375776
2189091460772693339
684874105379516072
1165534809996064178
-7075335285033338022
1149354648791113021
-6184083518838181212
