Matrix cols: 7
Matrix rows: 50
Matrix_0 shares[0]:
-2732284935973087962
7415861612506652482
7149754181122655561
1148370937636104840
2658285357154623406
-5729271035366543125
-7758804261216816097
4375138742645962307
-5456437596297069070
1251642516783596614
-8535171935826164925
-2865025845959131489
6659024861110595044
611440464254477846
7063944631754364911
-6497847856019017088
89355038856453895
6196651338840526907
1552857008325741614
1030899931239245831
3762234375848450557
-1998423585310459006
1938380632584205972
26473867514933436
-6778956556325035154
223286913791647338
-3401467411874930429
5538280638775403569
-9126201654019953316
-4836330875212358656
5759574473837805789
902866336620312229
-50927016394952662
4411834529018851117
-5272596524529813993
1823354951024822077
-886339520866248084
-8127153501436779208
-3755667328893686033
-6239282738079891209
-4424425836650595093
-1058023057639564910
-2743527213783056681
-2401132896278516635
-4079772842685330865
-6800470444280330533
-1278637949762578120
-8502959006744453037
-8380979964783733103
-2394733472104572309
Matrix_0 shares[1]:
649052448064777435
6131156936798530527
-3526706323284723098
3739804936974108221
4718616611025834602
-3842122906614327308
8462264857879609756
-8127272978474624649
-7821271606803981320
3165613142774291454
-6458268796193263627
1681794054318835001
-6340146899312355414
8492677382461427752
3306200718347248507
1325195654976179201
-4569113760733062794
-712996015519672720
3615078135946655176
4895735623015365524
6552606082152315193
-1644431373438443177
-3558835810844655194
-3795213690983281607
-763509649613444434
-609465980217359488
3024749776453210613
-159962410883035580
-7927660322324285725
5955738397530936512
-9135869495524972939
-5655535793551244760
7109515793930683709
765545320707774841
-8533143429848690718
870270796270872347
3604848439400190647
-2645577386840802562
4816206176906149401
5394206853343882368
-1771149249183160269
7174620617444690384
6376207350851354728
-8242733643013393533
-5135986557756426261
-6143450843626579726
2680725031589807898
3616720299020854536
-3200902439080650166
5355925758992018700
Matrix_1 shares[0]:
508976494289088305
-2043856194196965075
7324747646465275879
3683010468450076949
8643225916275160883
9059061346869302472
-7055789257396436252
7280090144300541741
451559845824534596
1885227676298856694
8613674747135029988
4298887698207122083
-4855399192221810600
-6279193620834376417
-1639678558512612073
-497853488040784612
-7428747534494644435
-2105971943296081677
-7104508997568776458
-6583461012695098695
5938835855683382640
-4674619300157484510
9170873882146119665
-6475887158475724539
5205362014429459989
-1714995795185217024
1116788990943435739
340917217354960775
-7631298148740593605
2445474380117276850
-2027258665634687552
7899074101509212118
593900436780352781
-1003847291832546650
2951369477684162947
-6973083121779424002
-4441535636187960813
-3076114446212284961
7467064403672037175
883077273258368047
-7021889936577970972
-4233001612318021173
-7482407479456318729
-7993366966448463715
4418370659150348014
-8164559800741124511
-1457799847424355527
-2564090726091983890
-4737096226153091398
3128173906857687783
Matrix_1 shares[1]:
-214321248554139779
8757943114504548789
-1514360627509795096
-955095453042909308
-6752727271337334720
-1213899853757387136
405779004017707946
5509398749862093016
-3270373116617285967
2322669664713742422
5646596987899432825
-7109429481281922385
7418010125474348769
4951109013323883718
-2489768182112838271
-1246799959123550097
8813291656007302317
523296317699316125
7845650389191316347
3369818424866794244
-1033384589779100536
8889861718988683592
-1207951901130146320
-8945839732602222566
2697528981877101637
7139018528949849317
8137084026390713944
-6577644297641869973
8385214973047891795
-6880782027873155222
-6200657285935280049
6423811198091191146
-1655344253244555073
-9166623782516224201
8934111622793700282
1043184501094657986
5945993903796489417
1932857735848580514
7891645684331985880
-7180512636727162844
3093517078108247698
-7246611648371720979
6004033927943278490
-4503041720279708393
5051425621556302977
8386275770798552704
7581458498275666357
-5719753387308239326
-8501975378267439133
2650153504028403211
Matrix_2 shares[0]:
4005714570787190769
1751477509029507610
8759747764896638866
392127398260540505
5577315575579579185
-8714235228568911245
-3264247996090955718
8755987628357270115
5578107332136594571
-7004361150495192171
3802542100106014417
2461205830648442902
4592927299079574094
-8287258908619354796
-5779369388184934757
9152744896260327875
-4294104633280221713
3846664107910866697
-9099622653371424523
-523250312592283657
-2405036264117513151
1991583051573202834
-797594418703212991
1576304384454787189
8916861129093772196
-427701206511238823
6464749740200227478
-2157483136430504094
-8665247993206904258
-3824965839317892491
-8862329214468878552
8093006771074951216
-210607524744813420
5482662027359741400
-7663885561573858726
-5189242561241258569
-6303346917700533196
4638094907707607447
-7318561765965828955
1983581011508635460
-3154351880975583743
1427548202863649922
8612953337714531090
8205769329745310372
1987022885399506571
1794513944449708085
-8508990270196487067
1399632777193138408
-5771091973985009347
-4005973678072795212
Matrix_2 shares[1]:
-3107211527995952698
5800071574865688748
1181075778791367403
-2042317748577551936
1893260925350815393
-5625503630098502587
-9130115371256526766
-907871442587516496
-6161571687742750912
-2050446666092379731
3406822926631683660
6751869126933306019
5422062891863353344
-3912865716461854348
2447927877481564857
8748691123208721007
-104697189146270733
5038051964048036924
-485605595968333213
-6261604056377091861
-2010876856003452723
1947289896144166297
4625720827586552918
-556559432109478662
6370840074612412547
7133432040826193918
-5314190792720147025
150580344764285460
1974330237262066078
2328706543982415343
3472977343809891768
8077150063159595262
1256321931126217371
-126123827028935315
-4346384077016727782
7435118162351250065
-2713318744339047815
-3743608727842235701
7508829150504306358
-4871496463809278409
2163157538414664387
-3157130347934774420
-3711136315314464140
-522795444820111138
-611528677188447159
-7333554342958284192
2018305958850759590
2125408873411095185
-5190710879163333947
2051664088150093856
Matrix_3 shares[0]:
-2825333302441008329
-3542770352826173555
-265080193531359940
6454912306299836505
-6667934538046521468
8418825943759146769
8079065208355280302
7842044974989000014
-849657276213687757
-8711749897907491236
7204068791806572434
1960870510330855044
727376987461605647
3576858993824254348
-4042328223828882601
3922855008069972882
-7192777920395578843
-7262535706379117337
6185632118247618023
-298931333693136048
7695211614184347198
3216690842477607094
-6750469145203736666
2611320333436121580
6477350167673824273
2466302732881331829
2415078918927581243
6462522722272669106
-5550295311315182265
3704554855021716028
-6303196928308212228
-969565228963960537
3043017076602283910
1603525263175752860
4571206899245647819
-6555979432948535252
5434003381253556373
7952768392945147165
5611536253062940115
47652319699360764
-4201913329089120014
2501476195746839550
-5920933752761066520
3824166791521956039
3434640895695333621
-3895768257483283736
566613339547108310
774231374759540366
5117655406263496298
2864856761442451381
Matrix_3 shares[1]:
-2445828233870563323
-920685522580125051
-4246992017196633225
7471894538215943460
-5320278791958300031
-1310589273764632438
4691915672299041154
3093646336998537804
7289986937385158807
3290904331474189405
856254237735667964
-8668615112021845562
-1100188966946731401
-4313865213025776877
2955965062394796380
-2149027092545179520
3892898163194088390
6332377576579936326
-1678466755727155019
3946788355039739628
-2396395015758895120
188104969421052568
8454168228788024946
187746980331394324
-2794577524996845690
-827547873910299763
-4338739500791058576
9025915072270174685
-4803795850589330524
7841916222496515072
-5058358257600249521
2783783191017933597
-314008489865825049
-1624776508477348075
2302327864106421448
724112225323616063
-8627578999461098419
-5956582230243251483
6090455417384888243
-1196361314050066100
2244608971647058132
1599317702894042767
-4116510420712276066
-3077151137048111683
1275850475712289687
-2019276009876202629
-1445074856938521713
8508173706143956642
-5036435650083411148
2093664542843514798
Matrix_4 shares[0]:
-1674710383300230700
8363528853974174911
-4561143814974029462
-4304869680387756934
-6731727589086410790
5826655568422871000
-1595160741424862409
6698344681159562658
2504094973449452120
8292906873647570002
8029970744134466837
1778682381560254916
-3895182125577127086
-2478137206919227189
2773836859270593598
-2728007428963663921
7626115474477716806
4727362892884414596
-4456449686917990613
423309915360714526
7023902410763927118
7323586585474934929
99148561147616788
-8005556252623445621
-542010566670241820
-8257340698876189482
2292908363723321493
983410500128949423
1690235752600319258
-4377024674749339052
-157947433756140530
-4873911167105991249
2707667003239926425
-7393577594942260725
-7069180369914147120
-7516416995047561970
5985558568774778890
-5876888900129777023
-4395838973031536846
5563915212204259808
-2419164792605070094
4608757556451576555
-3189958531485986753
2039526327763567140
-3242866813224738318
4622854437700360914
8897577583517455557
-8176697758662512327
6625818538953189042
6067829397507324048
Matrix_4 shares[1]:
-8256564416866008566
-8108115771841007877
-155419903034423797
7825590232768975140
8493583171295623015
1580751793353561610
7044134350639662655
6400288071037887522
-4549247392309198039
5028812930593146650
8964422115412118713
-7561446638460545305
-4847360033688127980
2974205440336178275
7100643288119161117
7447835207834064251
-7149778421875123462
-5700291040971867691
-3313913563918385406
-5373290294000538884
-2257425042466249825
7817157588272839367
-9042675183015312125
-3440854112832059763
5355768066045942829
4828754566283612505
-1852903598488152828
4615505198825895874
-3253683792215829830
8303410915321899399
-8668888014565927786
-6782441553870331220
-1200945894354544851
-6049431683997639744
-928646340076684027
-320244693050908793
6768972490752002526
4357261549391549635
-894375983360978349
-643399535956729369
4238689262132576457
2284016937943362376
-2057822203004024879
5841399503733458909
-3544719805298890446
-4083949223862262950
-4859485541836942224
3079455499426668344
-1275188157691332949
-3514785009094982041
Matrix_5 shares[0]:
-836967975831039321
2798962366915636002
-4033293466867857356
-9010838471081369342
2963446177617957936
7860374107317084052
4586876845899194129
-5790886285723979714
7312835236406499311
-1289904781260418172
5571030076141617257
-5591194807734150214
1398402449445272505
4593161617872154922
4204104709457425327
-5312070962764171064
-4476385691541205306
-2153473751243845491
-4944186251331254505
-278508477302739154
-3155258040346410076
-6462669367589684649
8305777450819296027
-3102120010316930204
3427242904832925348
1474100205674723271
-4670081285624051808
-2058317734790261181
-9215557443468262107
-8332324472264491586
953102793535957535
-8740016101783682825
-1536838060449034574
-8928542566000465118
3088614270034523494
3332549189392373333
8587547529280852598
1577447094156648660
-5025669647569260291
8095154243488705670
-7206645164372081462
2436508829098398787
-4500652526996363746
-9199449242614562465
760293550521022432
-8750046743612230220
4508379281347340696
6130620882372027401
9115740167426939697
-4899122959517439093
Matrix_5 shares[1]:
-1455914557179392548
-6254841778462623352
-1663200366355006050
4060636992921934666
5001831241964578890
-2373392274250330045
6056672130430215541
-4548151849934314003
-5357657872247335010
-8956412358621618476
-3926304300667349090
-7299568464391209719
4120184270645190990
-4304712101039078121
-4357459607161447696
2219473325309889896
577769580900897961
-7591976161504326585
8118501417378897383
-1177962190241111287
2262670299819264532
7709317875228946095
7740715892497083530
4428924928879550247
-5912508231075273226
-5186952491500392471
-5946290941110245339
1759783924408953413
8922814735554105422
-4531458280411797118
-7093285128694805325
4765184405087109528
-3978787107376954917
6908456561441746265
5194525674926120644
-3238826191035747413
-2905436111504038501
-4686390315773798875
7850288415206653869
-1761418621898674154
-236792132058051232
-7812281893780257344
-6528603419219281453
-5005554565828252782
4917273438435187577
-702455178714130034
7993907565735198469
-2171127974999222272
-9175866159955645129
-2385245074302785773
Matrix_6 shares[0]:
3367876737980630442
-4101004111624136913
-5974765922608128734
7506058628850153161
-4490489279049798444
8579116848850152704
5964813153224788874
-2819920077973596106
-3594977864314193154
-1928270438915287483
5559595666852051826
1506786911585392341
-8687538048036644290
6297791515853459621
-8711325006996097771
-7000615457757252583
-1130540918429342984
1122407031275887707
-8793395756000173376
8143814680306628057
2708792303972388081
8283182318985761528
7335995820848973843
2118453724099516854
9176409185797328308
-6064049610453090542
3617889748117347930
-6092511946028657854
2484173806464755825
-4388675313535941162
6646624408932934022
2083884228871657640
2771373003288761386
3077137856403728327
5773056244017055263
-5081833198270614744
-6953071013704432595
1652892765395054576
1804638303444440830
-3423376617144926839
5073279979268863441
-6233820597921340518
-1708161408634578661
3498329991706727933
-6571567753178065835
-1387677624849826565
-4185289251312817879
9061516954061562620
-4056927684203389717
7448363325666908386
Matrix_6 shares[1]:
3041216798688450544
890448515722915184
-8783604268938989168
-7655605273232650235
4627329024052776487
-6588913637091598172
8247026572370383733
6129628642722645427
3310322988842044962
8602789665444213917
299449596168587589
4893136749869321336
4383859910638112177
9067735284776341378
-5901235776459050025
7585197406498654344
4789510153875464656
-903991152745448143
1950632625942245992
3206629161980883884
4093405949601764534
3633308754304891312
6221411659445729909
-5998058006138161233
-2833144636658261013
3655650725968583244
-5927656214354457888
-7487543065360440553
5924897061044524133
6914058666305878533
-6275727410891256400
2138603773983744975
-6370863433897883816
9200809006731876304
-4526749137821292740
6190680222392628557
8083381278285969605
2150876153279183633
-3764345155777727113
7351809559371169634
7449439732028218952
-7917825248778535001
-3025896711801227736
-7299820013909119120
-331917737041805364
7890522078966968038
8769866367565103186
-1354941593490194276
-1093630139182805152
4469990528538343966
