Matrix cols: 4
Matrix rows: 50
Matrix_0 shares[0]:
226029378737867393
8748202333665411792
3255586854855391063
7347102072658734924
-371692234996977076
8616931068168599840
-2336472196699455396
3999834253742782313
-3105510373612432757
5492627109223353682
-4899553961453376578
2654688825908984616
-5218988862851078632
-4458301122249745056
1944718951428752277
-3079865947173156707
-4054341178262554820
-7247558958614755997
2404809283275169949
976274357346561241
-699129059006028849
3152456205184571775
8098819570964294244
-6157374051359218849
-3473130818510581372
2027188945664809879
4935987063504678229
-2091850294863835420
1004319556943764272
2985108665576569801
4632112112504445794
-3244845391451254143
6739377910995309408
4946375063511902004
-8902376737445251723
-7820787179110663123
1904272357852641889
509797935040740317
-8574411885572873322
-8172220244052957894
-5134451678886929919
-1478197466119325287
-769280484952002262
1499989191569057133
73016077858983421
-3495464242045219695
-8486900290449960900
2888365947934189622
8870923533972336046
-4085865672990613585
Matrix_0 shares[1]:
4302934314667929481
6518427032362309668
3569125639738435323
-8158797617103377873
-8328312297070740251
-4077326794532561302
-7319458339097560727
6385632820062934692
4384732430714425182
654711990718092262
-8750545157139804636
-1856390810428858344
7655597405374692769
8735989488758961328
2871312528855006650
-2591919071135711704
5681696593005088111
-998871844832178040
591125943940072357
8207978966777427786
7276909374164480195
-6459671687643489085
2664507300579294689
-8018586688350106913
2012370818734650112
-4011101842560806133
-8775550353778770909
1438892503223166929
1704805448209984375
5430706583155619257
6559068540610701669
-2662704879201540169
2011997601539422637
5358525240253580585
6635528748941070227
6090446653821103261
564582844460948622
-4926865536134900132
21052526084490095
-6481367196519742674
-2778044290649061584
-5865504410020977867
-7382019151842859765
1017308124187445336
729137235038727515
2580695562505998180
6060241581366135278
-3692111241221558439
-1140247384826223712
-6244901018328555485
Matrix_1 shares[0]:
-9098078834646796614
125120915065487901
4678017230186235069
-9088610020169334167
-404850400865288698
-260129841503069060
-2538760350810465320
519478413564282021
-8274958778624177449
1248179062095726210
-6734047214345422329
-500218419052887058
3458258993190752377
8534185768826440485
-1050062742408124566
-63658502154715617
-4125066643409756856
8615492543039714330
-2008828832783450972
-378159319677886086
-11644197138802746
-6277392554078015534
-2142729341730812779
-4826543829706791711
8918480895216939986
-3768548090700205030
4027127882320058392
3443299313826291040
8275061845965402046
2219537715840694268
6042713607107344497
-5977573102533951819
-2600891142266412756
-685911943006936952
-5666804686035487045
-203788084434128626
-1764662667770137590
-2006709264160290451
-7416045944611068468
-6077660315271561122
8348336391755408390
4120550161413210467
-7111477728140310854
-8836289298191660254
-4024536044405793249
6100537452850796734
-1107769725438494862
-7037184859819160098
9157322109132671344
-6700562061015375286
Matrix_1 shares[1]:
5350597402415924599
-5039524347019976674
5362142874687797288
-701253376872534180
-7403208457344719270
-5629310240780070638
-3204002095215506105
-983179982889925144
8629094395874210626
-3048811852097684587
-3916173127352496716
-4404742112741106289
-3879404625188680932
6901079813602881850
-6078800097793173627
8089739923325851288
903895699259385314
812943350502265508
5568606803104945010
1865749237762668632
-5074516659804508953
554290160360464064
4101693407176571070
6644376682262788755
8471153423912314463
-6072763648030382189
-6092184085613568609
-946002193083365984
3558445757816533868
-3827851675158237232
-4741632350753152705
6270079106259542564
-1875294653130057391
-5460143439870839
6613531543614147410
-7857052397673545012
4081996783634469191
-6959567987016238376
8610063112995859321
7629073279719563799
7309162352084785693
996263902179876579
-4667381774301826859
-267991710793911918
-5466062247513095830
-2909470145206216200
7713395757647885891
1077565145455576230
8899848833095486743
2986001644399541989
Matrix_2 shares[0]:
-304792837802846859
876829417760631629
7209315401390938504
-7757413032146041158
7804962553202527899
-5975140813449599616
-404626806194685858
4058813063730823695
831118281409054575
-5869044077564259717
-5671812156149108981
-3327232714242596811
-4480537804937020157
8637300791248578242
-2683175409591115780
-1377692889920764790
8578690339709103071
18939196167870469
7276607716952939839
-7246271399386691838
4863436977751334905
-4191286634432986839
-6785597409758569506
-7008587995928116440
440413190873429696
-8977619063630529986
-1954316292521563487
636897430983158098
-603228451246812397
8888289631373297444
-6705785014920254639
-1562230731126175979
-1158612413015415430
7777545605973194966
6949847845820635132
-6772691039904783270
-4370229534844177978
4221113710525200821
-4305147814843342362
-3552325067552278293
-7301690432207978187
-7616049206593549116
6813442183441766328
-9128468750177271181
6144326694486272127
-487175795068472811
-8482643425676162654
1291282010705332410
-962318218578211100
-7009730007111060998
Matrix_2 shares[1]:
-6583652501818061623
1245246076288897923
-6080196337502739960
-638402182960755911
-6090694198760996198
-5704981654993575563
-1426066893614780532
3285778738013315215
-3470240101005951085
4160398042145185677
-5523142743497262180
-8417692801119001819
6598038460243860388
-5665009884948898173
-4870678549017181635
5190355604902025123
-2408484126243341422
920787357323510509
8683946405055807991
-4196912339702562733
607747722040997904
7960886836408482290
-965247609156908985
-7026482513761580332
-5304000061113291013
-6317861919290822593
7106198205833335234
311418617658321899
-4194968038850811633
8252390270530527189
-404572029379262447
8551913503443731005
-8212102458686350930
1888457397936550177
2968202774500395186
-1405441409355070532
-7721924979106153552
-6837619927680734878
-698866835222913310
8053131104741998022
3433564254331859677
5631854502354546790
-1021406187289319224
-8390022740655204673
3120595131810823594
1384762808629448683
6915204397582528963
2532351049296911334
8031979823719163377
5790505840316585201
Matrix_3 shares[0]:
-2880486883221247642
-8756145825142503758
5175298522154319196
-497306508632964902
-1854425351201278899
5860340867337730740
8931485914330778359
1622345218644224150
4058338753858304853
2160375473979452247
6296901284952157079
-6571249254537060740
-471790703769725097
7169755258228659352
-7088925583016953024
-8707452708291283719
-8561044537221828916
5278019548006367720
5332956564428096156
8760349424247129231
-5538869061960860202
2128181958575954690
-3398359818605705290
-1855288756951899201
-7440200163624256507
2280614694574629885
4645973779852375641
-5583259207388912794
-4897068916330176269
-2558927982234315372
1692358110750542720
5846313818329071998
-7884116525425536566
-4801941578939651533
-39438979679697345
-2594127031953619670
6304278304810736360
7835075055468571665
-7036288929256607307
-7774494529096073085
-2862072937311322201
1455508676508691810
2496648283012891840
-1199193703787748677
-6362276086261942970
-7626729458726957989
5968140258736647923
75371495669679109
8756510068251638581
1178652505486697669
Matrix_3 shares[1]:
-366673391596328569
-327699659680622435
6037767383943437045
3304730420939226423
3348798431183084110
-7807933371339178579
4395574591481618977
244255427213018276
-7468752296290338639
-5354247660293360316
-2194309854312626596
2600490160430655668
4280196619648601899
-8964850366989456858
-4582039093450563330
-657327677000557796
-6982201966710929654
-2084048276182427934
5148976741626063501
3683495675180790859
7697392537680377836
6149124461647958063
9133677866559303698
-4567239269562872278
4829564930018951514
1599197791667424568
-4648720374220337628
-5682546095438238914
3945650414753937077
-6054122024289198177
-3161825893521579722
-8449751053901113058
4065679426595815354
476564081975095431
7599476248581843111
916283087908809533
-7932928733749695009
-338257756524123676
-7221198299124453018
7651718102761472839
-5918687660901544055
2378993224538956730
4933824547773128086
8709813572468498476
7506898989100173184
5938873769617957687
631283166249726854
-228730753179914870
5830761398770599715
8985790956402072217
