Matrix cols: 6
Matrix rows: 10
Matrix_0 shares[0]:
1392308299159842729
-1083405943671066542
-6652365716119029134
-6374690976625646524
8225732813833316266
6681929002289800798
7382788649176043413
-6986965428699484713
-1808404066398261486
-8729489287374530270
Matrix_0 shares[1]:
4361219341130939326
4685297317026120528
-5650389755915780350
-8705335256866826006
-2402551199483282643
-4928037525049582842
-7325332591956763594
8546547360260494527
-883282703331146902
-7279568671276634653
Matrix_1 shares[0]:
-8341879425985229896
6602066984360549643
9077658557323842726
7288195502419407276
-7080656193247700487
-5716662004729295557
3033884958639951706
1334290610386583396
-1597185375684923375
6839152448953171754
Matrix_1 shares[1]:
-572134251151862301
-3382901771839254260
7341361344168660746
1711887945591231499
-4380512870797618329
-7664005645810015661
-6196697658624403877
2479090950206609430
-2928983294309114591
-3507107811493351744
Matrix_2 shares[0]:
3732012320018070748
-8735201030431921801
8578515446837225319
105490298258345211
8559911064206801258
-3143094694804476183
-3397037877504412692
-3931023115494965966
-271833348451387113
-9161262102731468627
Matrix_2 shares[1]:
8431492742530454075
6268659108748423289
1452216789602829197
-2455471917746797060
-3458875819885603980
-8455740710964599804
3720069288568733031
8544073897941998765
2310409739153120168
-2588807147704107912
Matrix_3 shares[0]:
8319962458640454304
6315388029858934745
7116865190162587906
-1552407355030065135
598588006134195953
-9084164220305815480
-6138079743475458355
242439182152573605
-6503248598263051567
-7287709837970515924
Matrix_3 shares[1]:
8499121263950538276
-8548698175318826215
3494174143094913976
2459273460074512304
1692943129349400115
6644253074885285660
-3641152094502637038
1670895989592045808
2887447405605566482
-4967283898384437792
Matrix_4 shares[0]:
5388042090821843077
4761933757393054661
1032000567872563767
7281641672710688289
2308136570981577106
5630067136875746904
-1160827674348565208
-128041783290218942
-8401632769288409417
6180894823206882642
Matrix_4 shares[1]:
156045029954051800
896458046063452050
-1220908676739654013
4111665810426588273
-126865776038956577
-9017810642227542302
-2126242396013072303
-2515407144581632183
1355566153661448429
-502509319445134093
Matrix_5 shares[0]:
6922761735450417719
7042533361825544570
-4731105810369754452
6928929672491531355
8788391777545259999
-6515856122495483292
-8517397019574345315
7698896836987959096
8370658571597468710
-6350055921589825744
Matrix_5 shares[1]:
-4231117606784143281
2045799350953239765
526209625203276986
-3902054339677203343
6544867137195006845
8598479731356876914
3439198555101895916
5813757146781138051
6163846039879898153
4880899803556512820
