Matrix cols: 6
Matrix rows: 10
Matrix_0 shares[0]:
4361219341130939326
4685297317026120528
-5650389755915780350
-8705335256866826006
-2402551199483282643
-4928037525049582842
-7325332591956763594
8546547360260494527
-883282703331146902
-7279568671276634653
Matrix_0 shares[1]:
-5753527640290782042
-3601891373355053977
-6143988601674742124
-3366717840217079083
-5823181614350033614
-1753891477240217947
-57456057219279810
-1559581931561009802
2691686769729408399
-2437686115058386680
Matrix_1 shares[0]:
-572134251151862301
-3382901771839254260
7341361344168660746
1711887945591231499
-4380512870797618329
-7664005645810015661
-6196697658624403877
2479090950206609430
-2928983294309114591
-3507107811493351744
Matrix_1 shares[1]:
8914013677137092361
-3219165212521294668
2027724172217048863
-9000083448010638041
-6985575009664232085
-5066076423170239683
3162812699984452886
-3813381560593191935
4526168669994038426
-3332044637459819846
Matrix_2 shares[0]:
8431492742530454075
6268659108748423289
1452216789602829197
-2455471917746797060
-3458875819885603980
-8455740710964599804
3720069288568733031
8544073897941998765
2310409739153120168
-2588807147704107912
Matrix_2 shares[1]:
6283239011161026801
2466541921683498524
8416011837269497103
2349981619488451860
-5101035244321197266
-6847908667940475617
-323031411064320327
-4613050782447032789
-2038576390701733046
-6696674823273975069
Matrix_3 shares[0]:
8499121263950538276
-8548698175318826215
3494174143094913976
2459273460074512304
1692943129349400115
6644253074885285660
-3641152094502637038
1670895989592045808
2887447405605566482
-4967283898384437792
Matrix_3 shares[1]:
1627660351118559052
2233310145459891474
7835704740452049735
-906866105044447162
-2291531135483596052
2439911145420529840
-8667512235731456211
-1913335171744619406
3615801192657485103
-6191750337354597890
Matrix_4 shares[0]:
156045029954051800
896458046063452050
-1220908676739654013
4111665810426588273
-126865776038956577
-9017810642227542302
-2126242396013072303
-2515407144581632183
1355566153661448429
-502509319445134093
Matrix_4 shares[1]:
-5544087120775894874
-5658391803456506708
188908108867090249
7053436590572275057
-2181270794942620526
3387743505351795401
3287070070361637514
2643448927871851128
7046066615626960991
-5678385503761748546
Matrix_5 shares[0]:
-4231117606784143281
2045799350953239765
526209625203276986
-3902054339677203343
6544867137195006845
8598479731356876914
3439198555101895916
5813757146781138051
6163846039879898153
4880899803556512820
Matrix_5 shares[1]:
-2691644128666274437
-9088332712778784334
4204896185166477467
-3026875332814328011
3113485158969284773
-2082623608861393621
5078198464472449400
4934090089940454470
3912239462232184754
1469156118033312925
