Matrix cols: 4
Matrix rows: 50
Matrix_0 shares[0]:
5181663620499503981
-6056543382232327419
6302854892813087268
-617918465755653277
-3147259344759831205
-2873840968412927020
6490346753794657510
2707567326151172645
-1474109206256446590
-630949014184197767
-4895920063422560723
3537686785197147186
-4507536678761157772
-2098313818961901301
-8201460228726138196
4394464627878904972
5671812771474405448
-6574599210641828132
-8325091002677802275
-6209589560396167881
2391164940164368146
-3024333455754419198
6847501917464429626
-4010711037564408881
6164827593021940143
-19595233606285099
5267661293243067685
2018538957124915613
-1783547397252211043
-6839101169138127877
2443351659943220409
-1832724846516880489
2561798245886354252
-311269619504917175
-516621410861189884
-3045414569246290309
-8279757281307206133
-867100045222654345
-7482127239289324686
5046363538424772441
-7084754773545411187
6926753802315677815
7811301566768637761
2614156807054328924
-64169957433145091
3318700000709113348
-5029524499877427784
-7227838950537977675
5446538322570376637
7503481241095586294
Matrix_0 shares[1]:
5189662145666313935
-4377979886978645530
-7085689176873031111
-4430348382553997790
5671390726224248173
7924696786027302917
3514630527200295626
-2944791292836677581
5524574493608157732
-8756447905579381845
5117649303028779946
-5999417796769593960
-6541306341770827492
-7840899381446446502
-3001647279017959187
-3450674658494230270
-4223856306717885035
-5265073481195712189
7219278983550489632
644854021513861697
-5587820868262459218
-755393369594264278
-5891670759934443665
-4013744307033183443
-1712398534318640784
-3024484246359886718
6129047581140740382
6633511560482469244
-4111811449363894186
-3643402661085543214
590817659690193912
-9215509048029488665
-2129924743217831379
7522750000238774386
-5171895903742386526
2807939232086870990
-7611900563786987775
-1252878751168572956
7550319659667196878
7242918791985978441
-2567537037717349606
-7246029241936867482
4677058781726055186
5406088154948542978
-3051394328864097624
207161515858091991
-7800837183623642718
-3005356379303719445
5995387934104200356
6449628445510848039
Matrix_1 shares[0]:
4257158878154566420
8920549555747005719
5946495733710022777
6873047518178732678
-5505724623650440221
7592628738799463354
-8350739102138033207
4146365897519397046
5538601733172162630
4719758625415621658
-7359179654744886687
2885741260313399509
1306246465617197574
-1745926707292028881
4187530144666680505
8389942985456570727
3617182324234720680
-3087525002142828365
6595805820297581058
6422735097615027659
236142610782595634
-5284972135614013182
-403088533954392000
5154545283313128391
-2337651045438751403
2318870521105978840
-6384476009219439439
8390546048674564233
547825150584292425
8164466281262706633
3032100970300518101
-8771451751613368686
5811254286435571032
-4216026846443618047
2017317016326292044
-1659695605986997496
-8720685958297745013
-6622697881348746936
-6409321360786256210
4405655651245600397
5706714080837252244
8520161140699615208
-80855534522665455
-1830341337990937890
-2078858120556133483
8693707329967131107
2538807289372756665
-5350456491150160116
-5920315956803332618
-5773860953032372527
Matrix_1 shares[1]:
-6506203830540151163
2142934571465682387
1506901611161456826
-4174735968562586749
2152907362103241028
-608802801424736401
-2036011937070573029
4508835837462385540
-3581350368612516347
-5739813365140643471
-1452287281285328966
-6511787427036431940
-3364882203640837920
1740819166135912005
-2130940947188343834
-6431623193994870167
-4081016675774799445
7280241782286879906
2927001735161434489
5025127581393062269
6329377612735111583
-2818598821669040026
-324633594720966287
-7184031022924653838
-1364879107769701946
1895377197486313292
-6175396794761302376
-4364481689882500682
-8780989563428624734
2787709753999203206
-6891428596527469225
7546246205319131812
2950514069934972338
-6443108296730690276
-7935035913969238989
-6457841072191722635
1003586178817559699
-6957547633954533110
-5063563474001466893
-8587017920456310486
8345521493959006712
3268390122256561855
-3858361045466064091
2726733085246058766
-1893263172103713619
-4252241306883094269
-4094406006437684487
418673558009508240
5721885573440206771
-6513387124322081300
Matrix_2 shares[0]:
246919471525437397
-1546810084116005448
1265972482811961720
-5913139125882519854
4181058876803742994
-6364228688369526213
70781139619547193
-4852629238333330630
2738762079067379109
-6054996564634186152
-4466223581915393942
6667761800495892334
3860133512895489999
-6846014838280558208
681833088859414319
8337799329078633353
-3367061629924017408
7237039665695785605
6377316214444045452
-7554349079991761977
7397641650679692025
2523364415604551811
-1141481719347805189
-2659328117450111819
-7092878561113330373
4436745244353565838
8812958085286383845
-6758876003654828881
-405739420837700261
-2221816586858383272
8431351755121227335
869985559022126150
8195539620953371304
-9054679465083915713
-4779286754484288034
490359262264345405
-9175131098865902421
6956604529129762683
-103434882262525207
7210457977126991627
-1991743160106907780
-5400703142983928137
-7425004674634142642
1457606967357282865
9180901208881072800
-7146031748755509411
-6463569322278529360
-7517185383047858161
-8178366996496795190
2343056036711098186
Matrix_2 shares[1]:
6062734777749780060
7806507749790240557
-6249887690471438744
6773692333624302408
-8028488199523208676
4146650941795479360
-42490224606715096
6144201053303478908
340783116264874162
-4325460620776138605
-8728650896796298718
-3422866500257903126
35776056886433271
-3138698326698337682
8818362104164446977
-3307514122612526207
4677051441305092842
-1441562330667618468
-5684772555183590885
-1235004025722182623
-87273568969902457
-7332528953937713257
-6936134511705001012
-1917468719888897666
-6148149946314558888
-1494763074401715548
-4255024780441729074
-8423306708177239010
4449232001552229832
7354688370388324725
-8724487436589209592
7108881799162611230
-5351687535330031621
-1944564691924638233
-1345637446237221181
1652120018579158225
-8282026334774494174
1574888831126279396
4907059421329995920
-5904750469610135878
717814814145737921
2370562128833985996
7145710892022070575
-4527536845640909732
-2366703032969311671
-7603495844839269742
-3192075572138509820
-416151512169813970
-9095982514811739446
7473568987425904907
Matrix_3 shares[0]:
-7107618660649042217
8690783250000862824
-1421590447161277958
-6138364776205926629
-7694673232715125515
9188945233230985635
-593245567114041438
5742635369621160403
1408727541152056703
6146174586811362010
-5133037861960716411
5439576807501433471
6741727844378717494
8625323059521517011
-1452284282955330439
176519065208033582
-4613783428865450551
6498181452439714604
614781866239338173
-2350127912637343983
7437031650659264328
2426308651772212005
4302060589962614811
-283883008590677024
-4764200267058584650
-3278374111024914308
-3541467291170999636
5918745395724735280
-5330515892412875830
-1040864571596998445
-5583801139972260760
7689165639076981379
3363662140695591565
-2094440115033187647
-353715589329331366
-7837131771389662228
6503353848962106396
-3055403774089589769
-1651662732788957144
-106220025976145142
-3824588335969300348
-7150786968595457581
-1670924637594497138
-8358297168470642252
6398845793648143363
6335084614670965262
-1298370898546871428
-2608057958441453712
-8656207384275704133
7739072021002391398
Matrix_3 shares[1]:
-3440130868774981539
4638216421460775861
-3111894482887245945
-4241918134384665323
8702110522590444351
-3338156543081232244
-2147621377282307320
302806562599954882
-8154301086236853614
-1043945581106768154
-5595151952210014909
1917970196362603389
-1410691370632976368
4234416933507047312
-1830571382049484266
-3333697453606786648
-5519538089468414353
1089131854215932038
3983777802888723679
-3852282835392446174
-9187319018361576274
50380862623312024
4352860978076598275
-8705327856488452650
8370105340109202859
-7633074284532111955
6610994165319407071
6861436618470268586
9098482522686252412
3129815447625434277
4719144293592241082
-5177745192171235121
-3459429058808874396
475072718912726071
-2081847244744659343
2119495672830471144
8757791003471270125
2657397861562959654
-8850598306314266039
5942440458317367992
6144028556426838740
5488266242492027720
1181807462294127289
-7442962105588493139
585147300712383413
-2334501875390165676
-8973322451839119617
649169658597743443
3961473067840833813
-7266384437113229778
