Matrix cols: 6
Matrix rows: 10
Matrix_0 shares[0]:
-5753527640290782042
-3601891373355053977
-6143988601674742124
-3366717840217079083
-5823181614350033614
-1753891477240217947
-57456057219279810
-1559581931561009802
2691686769729408399
-2437686115058386680
Matrix_0 shares[1]:
1392308299159842729
-1083405943671066542
-6652365716119029134
-6374690976625646524
8225732813833316266
6681929002289800798
7382788649176043413
-6986965428699484713
-1808404066398261486
-8729489287374530270
Matrix_1 shares[0]:
8914013677137092361
-3219165212521294668
2027724172217048863
-9000083448010638041
-6985575009664232085
-5066076423170239683
3162812699984452886
-3813381560593191935
4526168669994038426
-3332044637459819846
Matrix_1 shares[1]:
-8341879425985229896
6602066984360549643
9077658557323842726
7288195502419407276
-7080656193247700487
-5716662004729295557
3033884958639951706
1334290610386583396
-1597185375684923375
6839152448953171754
Matrix_2 shares[0]:
6283239011161026801
2466541921683498524
8416011837269497103
2349981619488451860
-5101035244321197266
-6847908667940475617
-323031411064320327
-4613050782447032789
-2038576390701733046
-6696674823273975069
Matrix_2 shares[1]:
3732012320018070748
-8735201030431921801
8578515446837225319
105490298258345211
8559911064206801258
-3143094694804476183
-3397037877504412692
-3931023115494965966
-271833348451387113
-9161262102731468627
Matrix_3 shares[0]:
1627660351118559052
2233310145459891474
7835704740452049735
-906866105044447162
-2291531135483596052
2439911145420529840
-8667512235731456211
-1913335171744619406
3615801192657485103
-6191750337354597890
Matrix_3 shares[1]:
8319962458640454304
6315388029858934745
7116865190162587906
-1552407355030065135
598588006134195953
-9084164220305815480
-6138079743475458355
242439182152573605
-6503248598263051567
-7287709837970515924
Matrix_4 shares[0]:
-5544087120775894874
-5658391803456506708
188908108867090249
7053436590572275057
-2181270794942620526
3387743505351795401
3287070070361637514
2643448927871851128
7046066615626960991
-5678385503761748546
Matrix_4 shares[1]:
5388042090821843077
4761933757393054661
1032000567872563767
7281641672710688289
2308136570981577106
5630067136875746904
-1160827674348565208
-128041783290218942
-8401632769288409417
6180894823206882642
Matrix_5 shares[0]:
-2691644128666274437
-9088332712778784334
4204896185166477467
-3026875332814328011
3113485158969284773
-2082623608861393621
5078198464472449400
4934090089940454470
3912239462232184754
1469156118033312925
Matrix_5 shares[1]:
6922761735450417719
7042533361825544570
-4731105810369754452
6928929672491531355
8788391777545259999
-6515856122495483292
-8517397019574345315
7698896836987959096
8370658571597468710
-6350055921589825744
