Matrix cols: 3
Matrix rows: 40
Matrix_0 shares[0]:
1210554724892299607
-4862895874696035070
-1558960021541611364
8286708715110377030
7235175315489086883
1933019075335515735
2690070390657394658
8864465298059977817
2325165860598497753
1078065971678858161
8598969497209373148
4958234306610540837
-1589791220619904243
7962165249382085850
1407896677507813467
7564328875619304304
8318467770703437373
3216121481183492531
9012510171151995924
-6247732000956431183
-434912547702707073
8773169165540886243
-195718736067686695
-7761201878065100214
7887698309157419692
-6931538950912130851
4543523054002008401
7351317007000615470
-3532296601799366086
7830051933106595345
104405710587706234
-2625070661030250450
7927229847740487626
3839645323314106005
7571360270207982392
7789121737721683582
2655355693285736131
-1544653183888957250
1381782935710223154
2458823323288674894
Matrix_0 shares[1]:
1250149132953601519
7486011837726368715
7789201913590360767
-4177190499956046431
5463683047678350675
-8621849883584883271
-2484147338308787589
2997263355117625536
6417301189894636423
-80786048223088413
9125087807037354792
2778458285937436828
-6533648866763816803
9198788626962695807
-702287872471192750
-549521097780557516
-8909962141554988505
642111636249528693
1582000481073616145
-3769338554620091241
9009776112085706134
8899153561081994099
-8561357828691732863
6492708364664219921
-3841670129874556791
-3203609771423378921
-7205786601813851860
-4122226029436873073
-2523994802780621862
3521317590103911254
-5836697811301265670
-3781238140559992308
820713725208429224
-4308079623984484353
5945216297442925757
-2864879238026770693
3513070747750233721
-4452333878993381281
-5375356821188598996
2331553027790227765
Matrix_1 shares[0]:
-7713070768266945158
9047515221260464624
8747894828879372545
-4048070751265228604
-3229407617294416027
5135140543545406132
983741554653174718
-3056353464489168694
-2648191271504009496
2198060321893332189
7158792635247613188
-3175701741451565882
7261558305389112244
1187095084293241086
5755562389868666927
3172693856446518511
6413286032671753608
-687016483932744324
4445344913629045686
-6720966673229562909
6168480823306448249
1459094843223741428
3043592744736877792
2242284684718873786
7447481220615636961
8846580291695639202
758768252232802351
-5568785850923127897
218091176043913909
5690570485508616156
901393238770335942
-3939530969029328952
4984320310803855326
-5569108555590134976
8449009697481328099
-348212665966180369
-4501441954290526464
-2326205531171565770
-435673297905412599
-3462494974380675630
Matrix_1 shares[1]:
-2569407194166173512
902058641859546511
1994492349410900080
2129917052958000126
4018366796133724645
6710322781522885701
-5549043969698463954
8086036718984973497
-4567084217907905896
-7333904307193698125
2864433700818635842
-7043755409506871143
5640649466152062788
-7348980765371816640
3079484147876421158
-4532809031795787203
8981466811490069770
2437176672720006148
-8181561844330246521
-4852123980568551385
-671238835719931328
-3897499560769916539
-240462258765874499
-9098199020721614292
2383971414886730125
1881656723737380265
8083954340868051906
2217502581244409785
-6719356573697378187
-6314277567771493533
1510323215789140870
5958558688385373828
-7130154182038880440
-908583401231310696
5432436597095447195
-1556284818117006872
1677679861469286713
6835163099583120799
6596995148868499129
8057834995651585210
Matrix_2 shares[0]:
-905935094724517072
6834480257305043921
6981298687926704459
1922820583088501119
-1239970386824867089
-6245705750478761399
-5286160533950301110
8748992587126969028
5794770610446249561
-5502658969691125591
6156208301630036093
-4887955682126197324
7659566454290676885
6952444954300761041
7351946713014312273
8966606684950727635
1300185379849321653
6738109891471112813
-475754119574320909
-1774844872951805380
-2290980068137965036
-1309409345422122679
5465092620562313118
3131178409713604139
-5431978401557649066
-7035536159886931226
-7525555587971508534
-4961532052408701817
4823768197427834249
-2102363009168794074
1978499297275173770
7792888826168087621
6061774740831236071
-7884507573768434362
-1318618766571179986
7134941404091726572
-49909292075023492
442622696903337771
-6930192126230113797
8835225759628696891
Matrix_2 shares[1]:
5667397275361337084
-2665853576333926984
4398980644050679178
7169144927126089866
6545492141570098389
-1590259383561984494
-3672670269873467085
1416399429248341880
-9010861742210714932
-2155518931105817990
7328904808317948702
2016907696303059624
-8824424940751537075
2124866754162119330
-5439051494790269622
-5259253682492716367
6788443666050283596
6420181373333099904
-7536986239369962379
-3833098867797933896
-2571401230995182071
8192536430740698324
-9223370956436041975
4708203558530967284
-3249253380011295662
-4344378958676444231
-2653797393224486010
78286604405302364
-5093636081122847824
-4141993044552514746
-2660898848136667792
-3236264774057644901
8259381032490473252
838949536162501926
-4668156996046865307
6692519044996786838
-5888546741640952660
-5350370142547451054
574312340302499731
-445070194900750327
