Matrix cols: 3
Matrix rows: 40
Matrix_0 shares[0]:
5878081144539772229
-2866861554056899929
-8499697575400368543
6432610412461202303
-3651923816868152553
-2361724304902096543
-2445814810498391024
5536356903750986976
-1267779653645456643
-1566775478886388884
-5456180447121257902
-5815778503136170581
4854103011492115544
6344232777209615183
5336216351817182746
6159187245590660559
-72747777680191663
-3350906989710976014
5946333518275144073
-7542919765813467965
8925178424084041648
4851961341007070645
5139752115750586702
-6858981224509169668
-7093342519743432687
7689458211171048516
-2037547163171525912
-3525048554976041591
3234722827940204145
8662466447311057141
7951440765407442180
1403667903046280177
3827059956446341543
6353458717303748611
-4008740610315904564
4091515114822597102
1825806775199503384
3775207027453440714
-6446078596826681313
-4784285152564896179
Matrix_0 shares[1]:
-142903399718367128
-4064590740442729567
-6063343382875482015
7906701809083697675
9035915386159030801
7174472811997235949
4843002389724930191
1926544825259894530
488825292455566934
-5209509435104100551
-6984166456728628704
540068200649098418
-738818928805688082
4248079552752059419
-1475009834731828204
7681693507885055674
-4920965281352252575
-7305752088184809211
-7068118434360769535
-7690257014338580255
-867896537514443452
801215803272320257
5386378787976262873
-1139992065066316199
-8184884929252627658
-6564747174203451797
-8948953487468896920
2049664368393637240
-3351890562250631893
-7609478470805020433
-8988307183279399012
-8419229528455247026
-7487073011914291808
7477884975827068836
1312561546442092082
-207117550156023454
3896903989267854412
8088030449143744171
-8261231432680863378
2709606071852640361
Matrix_1 shares[0]:
7418182346714442991
-1229212350505236165
8572064066335601540
4765061700431460128
645793877024478450
-4785508439238205546
3633420778512091434
3556437167605824713
5409516766239853165
275804179178782456
709004515543558355
7997279204230120537
-365287918644450503
-8403926597448346266
5860803751628042287
-4578222385824104663
-3700108287424932253
-5899120873932650177
-7801029858167553054
-6778603283792393780
-7728903528070262848
3245635986275115408
-2753499247570472356
7328465619257519347
-884493997197906149
-2402040876599729443
1006948362014045716
9042707917171103975
1093370253794409822
163733293575535818
-6342472779430149362
-7320579546866336238
8659430503408688202
6175003532968391098
622862589864744966
4662740083505120547
8952281853185834928
-2951688736068457044
-7056027720685115869
-6239568317768629699
Matrix_1 shares[1]:
-6416665995869413643
2621460998221790429
900758810231035733
-2910041189243759175
-7256989672431880444
-2250936241336161645
-1081644047190471181
-911499845818448804
-1056451494488308853
5914943614098258901
-7041566219405403884
-119321963092928278
-4914856382754429809
7943059961743407096
938468871832005757
-5731432473921398647
3066327826679092757
-4434055558628681030
-5489915536908256476
5664363678780490446
-2239491420944799862
-5787935885517172519
-4838483993066581877
-137646039711160139
-7333401860463125461
-792141889012526063
3748859921225265642
8189989200917072479
-4096295930399695635
3266972429859242074
-1505712786231921297
-5988766826415300574
-183831224665919450
5512881134532690497
3642275630926740977
-621809837724615561
-4677675562841223813
-6444625982990742049
-6083050044821719518
8446379441871738221
Matrix_2 shares[0]:
1615517359376957083
86943087111850846
7168967480359915843
-1691958214046591608
4028779118790199580
-9032844851432422836
5061978235661972387
-4261794855085118802
-1958143708738122841
8202519306455834266
-3414605416298506460
-4223653230265194736
-3340372115895217827
-6185671917995243194
3053350345559191134
1137584759099792428
3631198299168878370
2472540166208224097
2882792083951763363
-2152725211749594063
-2500661773071499266
-1503172891284355318
-3602787100342470045
-7622410665473281698
3176978816165643874
-750926196174315791
-2903407603110324233
-2152011232808558840
-6172625392610346861
-7090406596821044166
2397259868895381517
-1284344126896966669
3482948270359272103
5349839616418419102
-8932656324981936496
-8721150700677437987
-4526690494176903990
6000890647211213274
-3608924026034979141
8252311537948152524
Matrix_2 shares[1]:
8951076348789603665
-7518635471171285391
-5142472778122453195
-5723966344614896323
6631365150017953373
-6373429657879022666
-7282658424877169054
8118311161010498994
-5407434427508388196
-5507986245245572951
6376090722495381467
6563094257393024896
-4564118070091426332
7587509729831868478
8677905091567527127
3634323840049676884
-3523875035068230539
2763787569432409801
-7342648156082579522
-436153151949783057
5914697697840930919
-2581139290788094183
-3546636324536605421
5611766925665967073
-4913283538529764745
7960711962104301592
889352692765314783
-8435631484404460438
7876028661519157302
568017808474113715
2175672848274926520
-5947559985545892757
-2029436646934348206
7435885490656302252
-722642405969500912
1406228652841497734
-2847238522303837358
4748312397996983270
2546254737546240739
564573099391855947
