Matrix cols: 8
Matrix rows: 50
Matrix_0 shares[0]:
2231064738453552978
-1961632916127979689
7230457218382978226
340734417412671320
1606552865552465994
4416322069339862140
-5844444362128150806
6366522757168810743
7545776643021435815
6775132920935979158
-3249079282940114464
3299314505697208913
-7249779830222263092
-9023270324035662771
3395517775401886211
4449355402103050135
-6511033622744219540
-619302862854822625
1310870263564061049
-7178732820230017527
-6386532459604967388
-2265853528898085485
6554204758854276175
6003780612840589743
-7811244461002725953
-5425364932511328753
8359056245982024322
4992356843034089067
2993881473847270374
-4554926720026863028
-4771219137700093341
3273101592491631599
8786322231160784538
-7946531384167223369
3411355113486793067
-8691077248110051321
-3108509837187595919
-4823021036992200869
-7845864965217766650
1461498655067479928
1172690923692982739
3999361604343062927
1501773867151418445
-2679064021653465945
-8698629082325513238
-8466541564855652722
9129576488430438248
-3494110279022751612
-2638479191868485365
-6423294825165790150
Matrix_0 shares[1]:
7777060862164087998
-4197376362780367099
-4170895594879915631
-1079579443468657548
-3855708446098355708
1144216119797774661
-4726839994415800990
6732684117869622899
4198775613059113863
6058560678642290273
-4737190341561292345
5664618824529666426
6654177218094458144
-2787729739812219844
933943275571805376
5194561818059878001
2474867714636399020
-3664517281171077832
2487283758388576242
7346745644138005950
-621124742486313705
-4856141922716820406
2440823768105199573
8763966937791683760
-2960632848716633707
4375655842878638649
-7312243952922130018
7237940990269899694
7084051038547993619
-5124833328975628094
-7754982907558051684
8510438708666376966
4173085170343959800
3438240307104298142
-4780794887776162279
8551778187737503076
-913188482917214304
5170510170721059307
-7001451095507546967
-4630734573447002374
4786753471762957901
-5114859892520525446
7388736002142256536
-638051045231197333
-8074966642116626180
-6608900548983832982
-5424159374301119884
1815831039121450159
-6709959332062612856
1850685666511040368
Matrix_1 shares[0]:
-4726759193936302383
7994796481738339015
-8691930740008411376
-7923436140806594136
-5380962908136383952
6554437493553544527
-200368705578411267
-7954625575755000013
1090161082656238816
2934924406692361781
6160806341177112847
3277655045996477265
-1817830660952014283
2926752551335543874
8270404898091549123
3189399047009471192
7750264180337676685
-6680799150010583513
5772991880043574389
-6823639203458964278
1823197168710393991
8860203460924020836
5556344850707087516
-8214014376364904709
1145600797592463213
-4246909738623901837
5687280764377357208
-4332765943608440329
8662703931872219705
4855908128680677915
561139371908512260
6486737541884268025
-8526088181875528360
-5198201306352378101
4981489581195465430
-401567767032257032
8209333770012644448
3639630479296358124
-2982814917997522976
5697883273186862608
5308915776277056955
-2766429548935216407
-8086312712595177330
-6113353913853238715
-983949219916837486
799140024961729905
-8842582677399969218
-3187253682380031521
-7312105722354804629
-5141453481506991778
Matrix_1 shares[1]:
-8578461996781802069
-5111187720376178843
-7699502540225566438
-3149689171654185741
-8890482795751521708
-3158261718647109975
513931455479112293
-659711667481201668
-4974057412670736345
1997416814443484207
-1235646360006275367
-6850762286813325607
-111623977142601932
7099482669605271423
2420525035102960584
1359810635700297636
665999207366356670
1273903217616589060
9125765294871169558
4235379153086412290
-6163145557752475834
-1194004824847142681
-6010435130319304195
-5060049260037593172
38607010210336928
7287593399830605970
1319027826262115659
-6922029331542569536
-3640162636151636335
-2519081944768240597
-5354623621077456164
-8122317257281041022
3104044653038870180
-8079407345102016684
1089276119581322596
2832288870630775798
-756799404408065047
5954451800019490995
-2819519454736790511
6082325065408950675
475732125823881237
4359865937806121450
-7096290559476159857
6444123529101585816
-3788272637240556248
705836313994739489
-4847234681786454819
2494544922833172005
7756733355151732435
-7978398932409945177
Matrix_2 shares[0]:
-8821548630904406728
1654604903195183045
-4811733547705778431
-2547943152856820132
3542117897847567110
6623711357554201918
2729913150638107489
2015949852765943189
2633933726105386407
-2007953593427404967
3632564371062209813
9000855886076719326
4252684391194211387
-7362654019089168218
-7409605009091231734
5859734145226415949
3618152433700052691
6851156373660934248
-5816636501293834136
-8090646178794258794
-269706716709385688
-9006456068960198034
-7447833345783019432
3303938738693591498
-977376471839004317
8283444754062246983
-5505204228682111670
1992774655659832180
7158419227575584127
-4474326048757583242
-6039375672109615361
-3699491751716368333
-5739137523495411169
-1716996559222631229
4286279211435247571
2223210374150997806
-4040788945850944978
-5966876861982766640
4632006761575600454
8277160955007258762
3114986464866241977
2701789164374889599
4352740988147597192
4053063377386579156
-6462662388217300926
8442886047851204494
-2309084329107780429
427986300078706595
-7294529846876602308
-3287943625028008779
Matrix_2 shares[1]:
5928740587847159780
3670312328230460300
-92781086478073069
-8953499321032605923
1399357031273283017
-6684176557262231191
7275320226299766913
890124773804267735
2257927789736220277
74330934554127889
-5734989770524744495
8706765611735513866
-879441373030232502
6711610993862244794
-1013540869447554625
-2115780851946240998
5509670072847960445
-7104944110640980438
2565481203289948560
2753728069276346644
4403580137285026152
-8738499556233497296
-8144198271456259796
9002168275497477010
-1346030695979666928
-8650688542195979877
-3495414538877050790
-6676431200012707802
1979870415049548229
-7496395901877882504
1742252876856006069
9086201940970759415
3813850541982999404
2678674855079920710
2971241773473450504
1081859461037282062
4495524872249484181
2366843312800504029
4694810204432564699
4631771799846014955
7821512792815832134
-8127427149759704828
-8677122465020445554
4852858305866288502
2129667325821981601
-4569775789111136553
1154396329722618008
-912717226935344498
-3570388796572706648
5278307378965281065
Matrix_3 shares[0]:
4439750645868787342
-1383054437590316649
1331404379826843961
-5284566966117279871
-5041164138843873369
4708839156069104723
6605576942880431070
-8036526973834416140
-3379634551262025132
5727829891782181139
1579454961043202411
-5023832660560055687
-5564387135757902047
-1705985092298103967
1563507006351740835
2030930353924609872
-2188650963943331572
3174053672685986125
-3490193894147919302
4113137480224248291
-4674855810316617768
1608441412462700459
-1748025881733998744
1069913124555602186
-8816175839488840878
-852605257491266628
6388138951491267102
7982235777071994205
-2401990403619174630
4094459025137786772
9105422212831239494
3352099680454133930
2262327948239053593
4398835421735760486
745522543879802938
2491838368258018480
-4414809007890914962
-2737932076427256892
2734368592201745775
-6656603512563906938
-5679735820030669310
755450753474109208
-439791316491727863
-8191170170163105700
6307568919860405601
-4925730526218290515
-7470747077250219035
6475630294934859022
-1839959221027747301
-3038025556940120405
Matrix_3 shares[1]:
-9222356966649641342
1961180352295355779
-7306937782245869389
-3050332422579593149
5847403515543915822
8919862239359902372
324008768094292787
-4507208946452057203
759868436931523970
-331402668331123196
-3552500174905843510
-7411090773525013154
-1249342642755771101
4275889545418959775
-877036615921628839
4750125133913808271
5725170719454663235
-8316437387583073693
663265307156932140
2826718290849552755
-3710327999198094744
1648994596034898730
1322081313108145638
9169315985404196358
2589562300674018686
9082029465475437284
2350024970928987632
-8602049232166500642
-4853848831798828322
522783544164297123
931710719918089695
-1425334983894227979
7337524967769953304
-3094970204808740442
5735354596748515185
3895553007336407059
4480622346730756290
4660058710916532666
4942793153287229686
-8650772228590662463
9114870809892061057
8285510323780451167
2291376126033705251
5680019582843690462
6561051701409931466
-7654618455058444594
6020580124951096169
-6115465329819665563
-8968600709639197675
187683140847642803
Matrix_4 shares[0]:
-7831342979736371990
5026186813202085696
-7158845108122706428
-8030245021637282490
-4476809437633459371
-2779816241833847123
1960540983857759731
3029088058179748203
-8664022220638897357
1691571194457032506
-5119085672985478344
-6797804940164004095
-5960088305295739228
7905682744090713583
7993122810621658003
-8385147331596109465
5572051678459801542
4412350359818301453
-3082737863039606297
-3940884129380114138
3473796564174531532
2534246967940855866
1173323397568155224
5594868750171481051
9033690154291904416
4126216679024589866
-1101165361350557963
-70184357115553113
-1614886908587238750
-168232820894638737
3863104350091769187
5849631288647337499
-8511709215720180390
-6712175432903039360
1219553644990514678
5432251398848721376
5617383002472316054
-3999985094223782769
637282939643223413
1617689152159158815
-1509420038267937314
-1875661207403320399
1166449562034167616
2123102058940441102
-6151483490570913368
7357939678717118116
7876575328501305240
-6217449757827113815
2642632535533344004
-7420649967085167356
Matrix_4 shares[1]:
1811397064268547484
-4013364573944885003
-5387521393577553883
-52452631866141714
-1311167687682832007
-7348708583418929543
7926018043224155768
-1226856710451561308
7405340750878354967
-8696683943607333686
5283278798863426639
5221119743433833591
9138324301213602573
1727386488226133598
8193734556755345809
-6528243991043927298
526595491487784160
-8080950033719319367
414867144816251071
-8672740131267154808
5216598668709540479
8107514094341072262
1055674765655996876
-3022226010006455406
8150230648959013745
-5029250758199649266
7177775536029296763
5150455038270999946
-3517077374714923671
8710296826718519626
5481576633258492706
-3936653125779518617
2404786903299238756
5965762976388090200
-7881641502630596749
-5306616720838284572
78917544395728627
-6062387659888779232
891511771530725986
-975051345088835678
-333818972043111974
2521436101378279155
191309388407541911
5397573969198225158
2317450812543930348
-5646647659558788894
-896765857353751608
-8064776064086223214
-928400770952366868
828463133565736753
Matrix_5 shares[0]:
8507147372698070435
-7550407317828407302
-8702885017927326221
-2515126599746978700
6506453450853697662
3011128763957936491
-1933201138032686336
1105194469693600361
-3645243951267725253
-5849779129088677359
-7992149859971827987
-1764313153151324147
572719823152980403
4989968406414648620
-9037007174304586764
6274969851886755480
8834033710266351328
-2903455972690218026
-101871806863515464
-1221114055677288313
-1771242129287950874
-1636034222891101250
222124009167311025
-482821922033323171
6298338357560020665
-709644554752241206
-3913449234936518526
5126864509970284412
-2714218119889482955
-8324920202481545564
-2197771456408139414
-3840906863239224504
5630196618705276266
1428003037967163808
6769529948713119510
4538688127334027011
-3057024251239144051
340457600519230145
3456761273651971959
8401869516074457292
-8944885656564318168
4445978468051926908
-7078617356027351739
3713685108641732959
-5769374086576685568
-7709969909862423120
-2783833319761570104
-4028822302021221732
-2827209032405054612
3047991468772300175
Matrix_5 shares[1]:
453232205345314662
-5804458091833186713
-3618114478426192615
6105319973754045141
1516564231465532787
-7349627860039747933
-6312220195184381960
-1971948600748675237
-4063912205371063804
-7474105823381284672
-9000520177582467442
-1028440769435569537
1874403806088849735
-5060956142555114373
-7750972674591514496
-58534087824767801
2816167616682597986
-820015244856259489
2751196896399695587
378587624415167994
-584330269596637788
-6501344263116539490
-362973586600575456
-8191251883304077741
8899952428115324770
8188168598892740376
4760736320111057993
7365053173084736316
388972594609799365
950940561334856155
-4888754185316240067
1639917123910222086
-4298623155342464594
-787354915682018912
134035433848822025
7953927389366401719
7359368486471516400
6359614593521093152
-8916698012694965017
-4549597988849371950
-963259118289186947
3106016545191109013
4595152750105616614
6852529653493795850
9029576450242699216
-7281100616035236376
1626356547295337698
-540923303033956393
5313686176351128599
-6708384642892971990
Matrix_6 shares[0]:
-2317771328182704587
5828401191879168614
2633956732167179252
-4613046100581902485
-6555304988025399284
-3285123648819360341
-8793114893731797677
-7101056931766104016
-565193410906889794
-5762348753411148443
9022732356333073914
151187735844937562
8655731040323918515
6887716044271192110
510327241849038154
-2567833901465435741
1122377990580089983
-3966149368905334038
4919687713666725775
8491713701979927304
-4757608452226313447
2443277845566179595
6761180706325844427
-6598688841949292304
-6752746915094969646
5649330675108710707
8704227111290101543
-4901396712649375403
2464138898785237492
9124992590651992431
-231203806290863111
4446621630019579753
-1752729717716315922
-1772398286686211003
8858128077682500247
3101296665765482162
-8609132028736743527
-2627381032692963351
5710061124549253736
-2477326245561285968
-1009360073844593466
-3321524137159520711
-1971710515242470442
2760935007474421095
225282350621166009
7090364435730451852
-8959418272495842799
1029840702636737622
-4092703039270067582
-1236003069454073923
Matrix_6 shares[1]:
-2791128827338287074
-7214743480551849378
-8335215280738855739
6084099976491568662
-4937288307623003604
7691164199672969146
273950729013598835
3669061747977858127
2594148321611436260
-3220522447197590044
7489564359761592841
-6761102482741462051
-8332067591796715845
-7719423328003635114
566815071431253795
4279614053714306258
7421318375216820033
-7612539601862755819
248341647076530437
4740620948946994922
4153595680683229787
-6238023639817529128
350788713142392112
3694404884136701190
3047731574543600013
4911175337705138888
6528766180536253399
-4472123018373467476
6732208335467483081
7595789669679477294
-1031109138463047470
-2544463503456073477
609114464317712876
-1302625975293555264
-722532836830268786
-8487534445927776332
6899771711917623274
8735135316734378916
-252753990632442564
4257532903994874353
-493200735729397644
-1292156016931434659
318192411027165125
1760956113536487115
747809710033751504
4348923597891990318
3349111534403590490
-8532094143620212640
-2658845933161563782
2854112582992901302
Matrix_7 shares[0]:
1810187781985095336
-1929899890769450559
-5653354706689515340
2902965728177348127
9038408180800494055
-6704833763058701848
-6971867876979878221
7615169653124011545
7314144785549630712
-3806167711566638908
5124586914728334724
4993896046957635867
-5090523205819489922
-3616253675098404975
-5952755808086683112
-5272927495614523636
-7546780945700391409
-5474872430547154954
-2453044703635956568
1192658249415678303
-3339476191598845630
4229205900883052235
-27666551030226458
7293373298139829534
-3340547064019875520
61829055123950700
-8633257905795470289
8854844341897026241
4191438887455220506
2993959970282138077
-8946977849554941113
-8168183156443125494
-7201561121366461977
6459304516647041545
8801823500732428386
-6541485323807790221
3789543875826320175
2327564637547760278
790305699837998705
5433579775133360906
1352338479863401658
818654673513444458
-1147101084081605680
-8076125297782015375
-6410547814410921958
-3507843407006404767
-6606573754684024569
3651724889309401145
-4908508867740503411
-3775345579164451120
Matrix_7 shares[1]:
1903033604427428725
2859135069782402496
-4702707680784469192
1362448106896612833
8708083573135095007
3216277758268515974
-5950573720804295948
2827936455328858953
-1277425248979745876
-1868476732023378807
-3967259832304587161
2216912283768759550
-578397228955158048
-914698527982649724
5691207400048880842
3454674991143801591
2464873820650437289
4920776377141404330
296170710988255264
-7422135580715267271
6364763090444520650
1885009045594250108
-3847799098193739996
-7255064075144741915
-1212828983779319486
7250025392611830853
-413234254532183964
-188140698103387291
4331684553257352226
5382894798053194364
-2593070944233804373
5706301798468759121
5500210350842784018
6101870414595232791
-5147057353620534888
6184926500929004176
-4974805752109553069
9089020705249561924
7141306948512648254
-3711569404592083234
-5829387070024424043
4609579751381827971
-7491939817954189272
3237942402779379502
1032158450303770072
-3190156799539136030
4060438569961353133
8676310404476243950
2864395516248875910
612330268789954746
