Matrix cols: 3
Matrix rows: 40
Matrix_0 shares[0]:
-142903399718367128
-4064590740442729567
-6063343382875482015
7906701809083697675
9035915386159030801
7174472811997235949
4843002389724930191
1926544825259894530
488825292455566934
-5209509435104100551
-6984166456728628704
540068200649098418
-738818928805688082
4248079552752059419
-1475009834731828204
7681693507885055674
-4920965281352252575
-7305752088184809211
-7068118434360769535
-7690257014338580255
-867896537514443452
801215803272320257
5386378787976262873
-1139992065066316199
-8184884929252627658
-6564747174203451797
-8948953487468896920
2049664368393637240
-3351890562250631893
-7609478470805020433
-8988307183279399012
-8419229528455247026
-7487073011914291808
7477884975827068836
1312561546442092082
-207117550156023454
3896903989267854412
8088030449143744171
-8261231432680863378
2709606071852640361
Matrix_0 shares[1]:
-5735177744821405101
6931452294499629497
-3883703115433701058
4107431852164651639
-5383991569290878248
-4812748507095139406
-2397187579226539166
-7462901729010881506
778954361189889709
6776284913990489435
-6006397169859665010
5275710302487072164
-4115284082686427461
7854431743747877014
-3861206517085354542
4605863320233835383
4993713059032444239
-7790084995813766390
1121784916085625462
-3213567293557503396
-8057281886569598195
-5653177144279390902
7920613169982702042
7998973289575485867
-3168516624713491270
-1124711036967596718
-7460243423069128783
1475384186582404352
117167734310427749
-1052987976506036707
1036866417871956833
7015561625408966850
3660013055467950265
4615400380578734170
2696179063873812482
-3884397564666573647
-5722710764467357796
6583506597112366731
-3739434044202006925
2074679080712255819
Matrix_1 shares[0]:
-6416665995869413643
2621460998221790429
900758810231035733
-2910041189243759175
-7256989672431880444
-2250936241336161645
-1081644047190471181
-911499845818448804
-1056451494488308853
5914943614098258901
-7041566219405403884
-119321963092928278
-4914856382754429809
7943059961743407096
938468871832005757
-5731432473921398647
3066327826679092757
-4434055558628681030
-5489915536908256476
5664363678780490446
-2239491420944799862
-5787935885517172519
-4838483993066581877
-137646039711160139
-7333401860463125461
-792141889012526063
3748859921225265642
8189989200917072479
-4096295930399695635
3266972429859242074
-1505712786231921297
-5988766826415300574
-183831224665919450
5512881134532690497
3642275630926740977
-621809837724615561
-4677675562841223813
-6444625982990742049
-6083050044821719518
8446379441871738221
Matrix_1 shares[1]:
-1001516350845029340
-1392248647716554258
8973921197142914349
-1855020511187700945
6611195795407401997
7036444680574367197
-2551776731321620248
-2644937321787375905
-4353065271751544307
-6190747793277041354
6332561703861845530
-7877957241137192252
5280144301398880315
460866635704939179
-6799272623460048039
-8137089213964048302
633780460745839506
-8113567641148220407
-5155798678633742079
1114239605011903341
-8478349124694488903
2542299899242057113
7591983240637054240
-7190819579546359198
8217895857661031616
3194182765612255508
-4755808283239311354
1214046955621375172
3002925676605285821
-3430705723434777891
7848185565662070668
-5137397700427914799
-8475599278742768750
6758859406208470022
-4265138220791485935
-4040930245780504977
-4274606290344611114
-9050429354650352513
-5307666308202716220
-2206811124103108518
Matrix_2 shares[0]:
8951076348789603665
-7518635471171285391
-5142472778122453195
-5723966344614896323
6631365150017953373
-6373429657879022666
-7282658424877169054
8118311161010498994
-5407434427508388196
-5507986245245572951
6376090722495381467
6563094257393024896
-4564118070091426332
7587509729831868478
8677905091567527127
3634323840049676884
-3523875035068230539
2763787569432409801
-7342648156082579522
-436153151949783057
5914697697840930919
-2581139290788094183
-3546636324536605421
5611766925665967073
-4913283538529764745
7960711962104301592
889352692765314783
-8435631484404460438
7876028661519157302
568017808474113715
2175672848274926520
-5947559985545892757
-2029436646934348206
7435885490656302252
-722642405969500912
1406228652841497734
-2847238522303837358
4748312397996983270
2546254737546240739
564573099391855947
Matrix_2 shares[1]:
7880150365542991161
7431692384059434924
-2026494702237462426
7415924558661488262
7786599804901398891
-3040469564398105753
2220680189215196920
-3856516305925379933
7365578136246511327
-2694533061210261016
-2961485306196874770
-2339441027127829919
7904490185986644435
-1401837811836624946
6715488636582833613
-4771908599149469157
-107323264100647417
-5236327735640633634
4459856072130816473
2588878363699377391
-3414035924769431350
4084312182072449777
7149423424879075631
2010643739807314802
1736304722364121173
-7209785765929985523
2014054910345009679
-7859101356496532047
-1703403268908810185
6522388788346930766
-4572932717170307739
7231904112442859654
-1453511623424923644
5661018966634830470
-8791445342758113938
7314922047835940482
7373929016480741624
7697541028501355346
1062669288488738728
-8816884637340008176
