Matrix cols: 8
Matrix rows: 50
Matrix_0 shares[0]:
-61036932182128842
7846777903405744184
2551090612404731723
-8772186384233720348
6988742288908603820
5646710563931352551
-5550073169663301816
6594108348000182734
-6869468498987200310
-1009642913285736421
-6296447037007968409
3665302942858788365
-6459887975588681874
4320935042262294683
-836838619952328112
-4540951717695783662
5648641595800792628
-1811018895717156407
-9091889551432892272
-1989463409749552011
8852367634584379170
-1098260025918444633
-6969742935026885454
1023165423637355193
3251110749978283941
-7460939606077311444
2601983861534910545
-6946786392521284563
-8485824484135066987
-8393970340799855118
-1104077831277020929
4144353673650490608
-2435588554502929035
-3531156936864596074
-7438342926504397927
5616680111854406587
-3028505817580334467
-530512618613617993
-2131573192656861383
1303437288709948798
-5597904058211512174
5234288786639862677
-6810673400898165761
-538393393210446557
-5621111478072233513
-6039704436204928332
2048860763509204186
8623859058342286380
2804759172430689757
21338354138917522
Matrix_0 shares[1]:
-4381592675923184854
-5781200781180320116
-5719750321832251912
4845210441125152026
8363864040043787083
-1377096655035375243
-2706080189164366862
1254734281904952409
4446805673047568514
-2679542786489845018
2593808854971059529
-7022904977373523521
-904261256649935649
-1547556005225727249
-4628185734404353491
1392846268449739773
3456793584125212175
-6213604026538783303
-2883804463807456315
23877080894804958
8569444593037031511
-7617636759911102761
7183632351749557184
-385570391277344656
7253417434443480924
6535697023065475075
6297781533544826156
-3732735688857267150
-4944451344083085737
3367365130824676349
-5553936841140166034
-9027231261221976512
975508650987864413
118562847115815839
5840698833108808455
3618350683346478932
1100162957796015034
-2706245676602461032
1514972982600768239
-87449087511032721
-8349391803073071755
-318900604807298136
-1921200562975930757
-914334746621729246
-3917135277535265833
2446220411486775744
2281396880286857929
-389823506355953989
7899766974729706242
7925825329613332322
Matrix_1 shares[0]:
-2360172227684943109
1345565148636773005
-2718820702025775735
-4038429592641020407
5340935880854180085
-4517502653216730477
7034023439683807290
-8602518029823980526
-2993665275531440736
5850376396336268274
-688411470822295738
-7516837742470537761
-5571903706559765681
-6467782220613014497
6774912332952717949
5767525416849024750
6646795759917468951
-4295989589272974664
-5239636226385296578
1811855357792335855
5447345790255282793
1404229389046405247
-7570317300377685529
-4568140484502901488
-7460310248627264667
81069906576014637
-3647953724601444394
3540406694611214052
4898068639273395549
-4024683241411827334
4944171765868600691
-1894456883417789881
1880984461146883568
2148353748587309427
535518863174495336
4751618462471043756
4194530436516362889
526011444154911134
-353152829986576081
4020537522915759764
5759320064489005348
7088603910384318500
-3192101942148087561
-2960035383152233444
4833294429394757723
-8631364706406841378
3812748647608497760
-358342886729195362
-5414894390196038649
5463322105445884299
Matrix_1 shares[1]:
4109817284037631702
-3763599781693628145
-5101155388927177464
-8833894256027874515
6271502044484794165
-6915970871010390494
-2144129521280552216
6504209127810637272
3754392858470636948
-8050389628949914776
1380734942570782200
7945944644976381391
6945959209146419109
-5099019254415802052
-1978907474877265158
1080135486021717497
4908512158429166154
-6692596837029525314
-1600063390782505458
5414536179237452034
3896647641360446258
3106346803707063874
3235401843342960508
8289789180840442578
-2836307789224248155
-2712265524982453823
6716186687856784692
-624261161216570300
-4169369240677024220
9019827905486258266
3106592504590407601
4053210765704428479
1709336352592890861
4721404291771140633
1248302439305544895
-629508828069034534
3152699344363140653
4420710469275233627
-8822663674830168239
-8827044956800681961
597247718523340950
-1662296429913148052
-2763443116524624467
2423909560518833308
3345675495725304281
-694954136931966515
-5978230878900225342
-3238317350604484195
-9182817501642913626
-3517942447013526119
Matrix_2 shares[0]:
6134003636426956533
5999735431088474500
-3784330708788732337
7220752805700175515
-8887182347804318147
-4334901185295479790
-2536277584768503837
-6098351919121004853
4246024806036074934
2050471693088573754
-9061130263418057399
3312253669298038537
-1516083289843367563
5120809151173235101
2601527919518438516
-8748691838811009671
1916789237362265943
1160135714490089667
-8950071090644114344
-8424345473263206851
6527458863839672931
2914834473070723976
-7017279539007657664
-1949476730703805427
4558772251868070096
4300439659664080766
-6802059715464905430
931590629315738296
-8428095137808145456
504732932317262641
-3081260761485989951
-1004104643964200970
8721527675230528596
8285154896141641524
-8476793293912719526
805557434565351253
-4869962432578053345
-2964471976751229176
446615955330430497
2946692990476514481
-1979753983056637393
8103047935464176672
-6557141821506772608
8158397769650283910
-270540929311073534
-4959562515705188020
6362294376583881898
-5432377953661317406
791520642480310014
-2650194401022599946
Matrix_2 shares[1]:
5160718904891988047
4616948012117105262
-4836105309180025908
-6834454051991907432
3245223710538228589
-105630530484896340
-1758100852660191706
-6481869091840516276
-4673159439004906520
7602666031385940621
1670911195464880886
-224756663356603368
-1227909823940951172
4112254379170238705
-7864104586517728054
4442238913405524481
-445836109350309718
6100117878825120090
-6958470165651384540
-617082635817806287
3046392303340837523
2885191644367018190
-6426231615100978160
4828676858321200407
-1909389850699769094
8178995213968983546
-2883139769387068875
8431482236743631177
4594552514645768033
-5688326733670780439
465075375478371320
-942345504234500775
4606589888245219105
-4065522647889845709
7572732054304143735
-8486519711943958599
-4921428935102793364
4060444708143864160
-7322071621134971867
2707631619897101012
6516832829961028325
1356740885840607355
-2091187835152522169
3931611993113279205
-5277554805284781825
-4143725628838665173
-4285090217175077204
6145010967353413230
7302740086247380631
-592969374401457678
Matrix_3 shares[0]:
7850708033615262269
1251953755853945195
-3031590079821016698
7504147949103443898
-6140596353976616677
-5738477460932423788
-7588583798603479281
-7002931690100040626
6556826170458128168
6074243146160332824
8585755780012450741
-5035190348815246544
5528986490093464026
-8197951626772722474
-1205693748255690857
-3990741551175187025
-5047100770501237728
-4369442052194618479
-579871555609379876
1486453821855487017
-7402550455987581909
-3534187809658121943
-4239399763325556143
-8525665113685604618
-9113227159477127493
-4282371865978669074
3769655845388413670
-5678061377015786792
-569248167695191412
9186661338965346167
5961064245171465311
-4078807976774132262
-5479721780104025927
5900809209341312311
2772015374767138013
2120432436208718689
3153057424203215590
-7281756246022538692
9037588007052517588
8888997382029124053
3320525645264242254
-3236118525104284443
1519223333287217497
940389756498329836
-7834792299087293863
4673532131065877859
-5753158785579692650
6448485373047239577
-7288081064915913565
1406172917815422959
Matrix_3 shares[1]:
-5786833263692836320
8233513469783528376
2884365969728662885
-1613608741110758056
6861431523120761338
-6170441292367164261
-4200859917826862200
5992258558906101530
6421344029728163019
4054577131212018186
5186252981879461403
-6911228763590074769
-557267479155626536
4667979250610641183
-6160042172184645582
9098537047655447041
4062510026290229915
1967791044448233768
5050082425956471377
8650704464749747154
9170778330498682848
-531259551140810773
1864376849591014402
-6119697220581451055
6422996724384305083
-4312785454076819910
-7137842627637586398
7014453174973155982
-8168860001395242775
2019708652759282283
4369482732074826519
-4709712884236228773
7773607605153756499
-8014221422966057450
2420878924963027860
-7234811092772682812
-2579745543855873449
3143537860255625488
5484177349591209859
-6091794375830951350
7541340554296689251
705421104220978108
6172621061513403436
5064878125297950848
-1440513029626038255
-7086003583026144416
-8972148363342092064
-8783965747447245897
-6935623733763123741
-4756260017840078736
Matrix_4 shares[0]:
901504725103938781
-8951605396692326220
-978252932757770116
-7869137655264484830
-7426779018155915814
4498684980795376975
-1917798291977166670
1672428749351976025
-7707867314358989904
-6398194721352271585
-545335663483867987
-1361977519230438326
-4297406195952238138
415015857969473660
5616246175767211777
8958271944439925053
6718743367093731119
7346632932183938141
-4133108974748623125
-9193324530333812803
-188089677549915718
5847759677595018666
-373513633914629481
136957643985138568
-560255859780123816
6965612490025764233
-8792170450789998748
-4078952217881100151
-1667693416186075603
143875373502115908
8734422694624861460
2316541397668541429
-69904164539161705
-7987249225872735760
3439255282205824656
-8693098981159537854
-3775373017032493361
1260771564246205261
-5129161194445744799
3585670322636542537
4651765264138333793
-7703808467524111129
6864751671274879969
6136121125334120511
-3991866817761686412
5030530944115671102
5687888239042097013
383912714689435733
2059542578260850661
-3599991636272472517
Matrix_4 shares[1]:
-7755093717170242737
6608870226331193763
-8968455445780924325
3048044628058246739
-5919940868911435417
8600927659827055355
8996749140670549758
-6178887718831235557
-4030661609582375232
8555468648208647342
6188452327243518530
-1166629443430689833
-4707156716150399146
-147441738094541099
3608472932391752390
-5893749948633267474
-4468518247845667544
-1860994943095211982
4466797491476603916
-6968302626240119694
8199232672166638370
4412490044866910227
-767106782479963908
-4150784242122939989
3908023461300700730
-2873124005071256784
2119125444352695820
7097281051835066796
7616788606300472804
-3228335321865477873
-7803797532683181790
-5431881342577632612
6744294814896557272
7645497430318866257
3087302088687695489
7983214002256181294
7225416419914423632
-8592809687219751346
-3789191505374888814
414572809702130194
-7267598755582047815
-4362863906933265111
-5919440432854965227
-3284018359696836439
6900561757033838023
6028477896945289108
-2215843007913711081
2418673173233009651
-8481849773973405435
-5603378371973169751
Matrix_5 shares[0]:
6827604983068632167
2382053287600633563
4383436531599873255
-5592839551846528599
-422782638788374074
1762484463192742778
7474666986496418655
-2347454498287134476
-7686279624638125651
-2554265215922662477
2617568197306578551
-6308967974177594613
-5326119693155238637
4747676681487960883
6584335861715070464
5092374824009758616
926211370116336985
-648826625412019494
4227012033928488948
-3250178043223810416
-4871846806866059767
1637544701012747475
-2943619286221037229
-1075041670428694206
1754635623789524072
-801986558139470796
6435250589032807315
-1539774291757486538
-3568996331356124401
784940763657176265
425339912337328295
-8357083132467650607
765961757269782231
2813960153385767282
5517621758448340496
-8101138306210591775
-8748672436662223417
3397694355041627260
-6457460996725534107
2544010290112736116
-5395810544099740832
4409235077703535367
-9161632774560444737
6030764134819973278
-3317323481851470935
668041590725298825
8565912110097275326
-157929172515658352
-8546919451156174603
6622556550235463632
Matrix_5 shares[1]:
-3788806646386420092
-7403947219175929158
-989298889106881324
-736045866473299791
-9090535241167264807
-7937870531479445347
5951617423996314320
6081506794439686909
4228942464757344515
2409987074320526325
7015375416317296474
-8200005739793446917
-2002246235160626983
8058844138508166931
-6853622943632864569
-1779100611507057970
2235582674138956978
2059545251252861684
-962802696155794615
4827460261293372130
-2319136490214442912
3684445184884846557
4931315395233427581
8017309314317922858
5833890593775242707
7809797630512236636
7960532370466438786
3086271888848823963
5011020480246082767
4015795863067649936
-7914635527830729470
2078916544636181814
4068028067787399781
-8342668392860399664
2005743100532243639
-538635560845802534
1029146623988098977
-5843381434385170730
5125236601001245033
-2507276238297399711
-2929231443120502394
2237166607836193705
6993337588137964676
6051527359445166875
-2119984661466212969
-8900676507192003036
4208727892891785139
1822700512406299376
8432951100125094390
231541676494371197
Matrix_6 shares[0]:
-6314853966097812710
6575078421604225964
5466800726809629003
-4862711616502887057
-7361909490090703978
8877913520380989241
5891329146814902309
3335075789434769067
-9111459196753560739
112935462891580394
-6067371948860276703
-5493617864286440270
-8676367658701054710
3219417084844780906
-5318338889907511294
3349859509360613151
-195378532951307021
3915235624106642539
3081535842351562800
-761701049965849409
6115075626861154086
1966523507374728983
-7132200365016170740
-6162500742329666475
-1404871432441338394
-1840953219623332152
3605765849012137016
8954101716529464855
5501363439650315160
4427601990781896295
9077818649197851357
-7194337272015764881
-313114262522191186
2808921469221609131
2495518597818087223
6777552470773211944
4657906385499030742
1155370638446110260
1590684735232486838
-6830887312421609497
-8218612610878283586
-3381347014803556501
791688147921211694
-7591616057424040473
-1967628726114143346
-7418377324435450432
1063096181676269037
-4883398182173183314
7511349103745530867
-6541201901412284715
Matrix_6 shares[1]:
-760744580820620713
4360958123992545527
7113336332778162319
197635584287502258
6807445064306062094
8785444802147909186
3391266833456100858
7603393206421919317
8138836925188291317
7403466247303447859
7366293693058226320
-471824507362687215
-6841311363524582880
-7523895232311606252
3017272727376265508
4562302345984841591
8251022732687043641
5784432691808520832
-1390600328866877387
-4493403086996427354
1942831464002970407
-4538672368172582169
8865175103490511533
2249388448673802501
-5127097025549594190
-7189565749759866950
-7746759721857695497
4099109244679744748
-7416780352585987756
8713319493356768014
-1436560646158850284
935960299860233948
6432408331600292072
2909018720279983473
7416651502565294255
-6402025402299396236
-3219988375215660138
-3875881518074372433
-5338395295684357581
-2145576754357951024
-1634742505217048462
-3163611631275279818
3083722449948381215
4877053104663835958
4429661963635169876
-7397930018642987254
-8348368046986199059
1727359941975959002
-339210315027392740
792122498846512924
Matrix_7 shares[0]:
-3348140208070150103
8247086085736219403
-7340090265012237226
3764411034497494945
-2006928016494509226
2705656613743317641
-4987368943066458151
-3588808422836206463
-4171690959827211310
7749433408526848695
-4498760870329721405
-8424248962250523382
-819639781996063747
-8365221362314065166
8231673370553021168
1076251140023697885
-6468552389323490016
3520133805325097595
3782603770569609804
-2635802718456086042
-5622640636136489734
1199829035292987030
-7861266839542958798
5196831292861433031
8721427047880927617
3298084078688745557
-5622399105429838181
864266927778836902
-3922474006942504762
5726543036706351731
2862330923701711382
-1553082362935028976
2310718448839854497
-4614168128370041818
7656426804477709350
3218748851347732709
-999445716182333000
-2753783714578310374
-2066804196522241741
-3616359004813516324
-1199052582216776775
1747131208908353784
1947156760320637261
-2997313296850008317
-7311828427665133305
-6538616351264717926
1424930985044865123
-6824426690198086317
5146751947794120346
-5424211214195094175
Matrix_7 shares[1]:
-1067668598505382808
2493044870372770602
3304713000478654863
-7794685205650199731
5614122501087891107
6422172330492360479
-2564794161090148380
5246488551482062237
8642503811285460589
3378701183754254459
-4129047599197139917
6529813453038022917
7600261268119146929
-8337402925717168224
7300016261499270934
-8185956081738622841
-949982289516850166
4909159747773923082
-8965302969678079265
-3510850857638896895
-8161325354112118568
-1461661482717858502
6798025959880567820
-1286465901165552399
4112544498853624823
4738028024215068141
-3009432992514565264
-5025349235374665553
4745904413281728334
-7640315469735394958
5422343290093139021
-3992752225808345238
4472393593349194934
-7568102710888643005
-5002014872484036933
8539225926741576235
494204401638835744
3179060190935457417
-5431760602140126450
3495543524708371063
2089096209096574385
3612671817990436745
-1796663912756676306
-427973893600011228
-5240302045963681164
6701428790554643930
-1140980510963214588
-856671090674521739
-3547134296705415874
-1837015450135200058
