Matrix cols: 8
Matrix rows: 50
Matrix_0 shares[0]:
-6292128942863300763
-1494305311525968220
-1131263025825861959
3531766260617675846
-362148303131582511
-8122983270218782860
-5085467704253029183
8949782602063748944
5214828744432274572
3693377195449289673
9203168627856801699
-4306973502843492206
7344361962840370798
-1608090993246877230
-3780835333810410326
5337762648693067403
-735917819565876654
-2198791062794459685
-2055018555134770125
9166519468219482703
-2515003361230298137
-7033524842255341826
-774335882110908611
-1751078776905531034
-1735369056852457884
5262417240666826449
8926164582031728023
4230845935513746929
-8533050556596072267
2679683472603451334
-4449051632550895506
-4009670794582607032
-1420456264334084196
3131527810190574453
-3617598935773025218
3204209596692911190
-2143671701292069083
-8037619419729943943
9082960998939463275
3692622470806656971
-3983600760518873238
868392707822704096
8799177797223336653
-5079286408416018238
-7276070373988858653
583562512201012374
-3095788374187135808
1820566169114188435
5175671429408926578
2561289564221133573
Matrix_0 shares[1]:
-7808028876721363989
4120939579347085920
-4311120940031688859
4097458665698289234
-384223152872994461
2076149998634398653
6783260031133322561
-5956849769058222706
4757626799200982054
-6803980457128749610
-1682839917162778931
-27513868412910093
4716645090510467401
-6880434437950190674
-2246195051365011045
-5678868696032543364
-1260612690363144260
3730779396107321770
-4648249012967691786
293688687552600282
5166124223915381113
899142176580953765
-2731631352109644954
4509570793190355187
1070831366458790803
-2503513944650909412
1163295360696331199
4007501372745264530
-4689892454117688440
1159242390045904840
-8696662957943638885
-6717898514447506364
1052165971131010778
2142522135476746731
4420951007141711703
4114597686419739189
-2665480019185457321
5270130429715412220
-7403319177974066044
2681637690741554861
6233627649532343417
-149584734250902090
1888240576887028701
5018606091358070683
8230134429971988374
8324061199172259957
-1951510748756458635
-8715723874567797097
-7717220791040978589
237924809233322097
Matrix_1 shares[0]:
6027131008977305072
6135413346808975223
-7431249866143809833
-3082722955508124614
5343193108593621156
-4404682876818409193
74831073134384889
-3457405596522033600
1397174565925317170
2351103077871681727
8334334521079292843
4847767669862568166
-5376784796679827913
-7917298938250384346
418735257569153841
3927392900051516266
-262692650150772455
-7210692898550390503
4029315659111359855
-582367217223953712
3142727375364619016
1106168745547934004
-703090998811264855
-4072482902262667000
2785537109449779089
1550902344848641046
-8167307624773897257
1895419816714792023
-3921898739846335305
-2948298143204153199
7102488345383622597
3917732872831650806
5196649276313514860
-7606732286556943013
4716535802198815080
-2563419616174704745
-3996471318814267988
3504737196016225379
648472807946796078
4149568271305331558
-7648676759271057789
-3436996562733169842
7133867830686689504
8369525194645543060
-8569735301355203990
-6213583953519466884
4096894165442518672
-9047258706648856342
-4500804893808327531
-8871830212653135507
Matrix_1 shares[1]:
-7825759979488152749
5023482202394185898
4716502495216641506
-246001917498242721
6572978081111420960
-630858022018859042
3103541038356763904
5378019819264470876
1221439954597988431
4187981429382836710
5379829121033215980
3938533142246591447
2641228917988779377
8830114102381906975
4421116691263490595
956675446095101270
-1259910973569685298
-5628670266310638504
6887308588767712799
-7186531331503210259
-8313833623906304120
955535525763653010
-8770623574456221304
-5935071839944916349
6990683213301702440
-2360212382709968433
8763358514035014184
5981695305032002641
-3498932793772819871
4340369081246951627
-712418542747025551
-5100687961836582712
-3410855229706902687
-7698246966129641894
-6112499026152726124
1712030304490346386
-1999621360827380652
-4087544559472716986
8017534843662397193
802656618889893822
-5173084769678536642
-8574850057639604063
8122051822780515687
249413083292394147
-1329355035468857614
-6400418484993170555
-697552260508123488
8983919217824676083
6418819720579620342
8407822493129253837
Matrix_2 shares[0]:
-6296049528279423272
1131770856877788371
3103292470925807482
5424050853001630919
3968432956315016919
8148194307954042366
453253969092511548
-7802595082693507370
2885567968277847959
-4005656340506793224
-786769074723131110
-7532069647926135749
-4855545456462230128
3694176766148125344
4776446904761598791
-5130131779692400186
8490698883916504748
-1335435659043936185
-1186322127797816728
-6788634023641994632
-3787345772661647477
1782212168926937878
-6413764850089840541
-788284056590196442
-732074475879252809
5042495111654732371
987909584895576144
-1344840636514194592
5896259506905844307
-5536432917683553005
1688798758578995809
6278549484100717969
7922943040122727606
4372889015949363752
-438017924328572469
3583242880015485791
-3533877080498645501
-5314336118517377279
7300722195906874424
6493675622065634365
-7871787254535782
3878372810734366389
-1594013211114322240
-8871240679370701384
-9123007184407225257
4327143042177613309
-707647468801878885
-144481949649544525
1030986549589734271
-2483143395244678436
Matrix_2 shares[1]:
-1397616835842456905
-8437297262914268203
-8321997998487369156
7519532846042066294
5525291693230728581
-4919436645358117802
-5304941749736490987
-6064384719713204240
-6531773862757990743
-8408562062570356508
-2800847088630062487
1596274510126401417
4171267073792266825
-1752207951686857722
-1998531842018932966
-2820430241348271128
-6659411263319248129
-8386035005857671922
2557667057941424729
1865122902274588481
8419435100574896359
8278547270033462480
-5156165254084303351
1132886841111124786
2259649475236310987
-5412551359300512755
-6651138095856424990
7499195804624634524
-8251045183040088124
4591463895192542829
-373842988291506116
-8723367223784636372
-3130997706547075076
3909490856578191522
9032190739679201524
6562269938344571500
5651382173198539496
4208670974411287746
5030279270050678212
-1589611347519793563
3623240156388047173
3339803120794816534
2317386067116967376
-3848986129453092074
-3113738784585779498
-3587914841526869676
6861821816534362142
-4941763041293254642
-7321626421508002889
5081170504428525007
Matrix_3 shares[0]:
-1860295659079001977
5984586197370850538
5319701745747896192
8392304929433122552
5492134452179553771
-8862305704246505377
-7470771040053871146
4327254459840727459
5546297609646423288
7924601962235219070
7946530194212486412
-145314655272935394
-8384272814406438931
-1580248280315988998
8913040947372684256
-9184091702268001850
-7411214822028686162
1429015369319213952
7316550750104762384
7610887084566133581
8084713024687784727
-2938780400439909036
1364178434485717460
-2101933340784715845
-1724678316419924059
-8263630012881368972
69612261921506280
3400592547475919135
-7787452906281519250
-2267669149167434240
7444914727366335123
4418738573242343559
8385844759797961903
-2694114025115224495
5066568943523696878
6606285648099105877
-7549134778835084242
2016318264836440398
-7800422906862765867
-7168990419040816144
-8567504587212327117
-904465178843385322
-3269151125087954067
-6180403973783839743
-7955850476524378766
4635046665901787642
-3605170365882703235
-274194764338717345
4250809039523407083
-3051346579917900667
Matrix_3 shares[1]:
-3641935927503128756
3694582499303220954
-1151687600796640468
7863268137524113486
-6627267923386797302
-7617052539142055632
6027543259905479991
-4182085132918166806
-3375534335681829416
961593160485647661
-3290896037176958593
8989034502394480883
8462864685950526932
4159015325910983292
-5151932677548710184
-1793584290276904627
-1426313629735622318
-2229221348591207214
-843188531259999074
6437416746761366738
6209504372795294484
8365691014066163976
-7967144099377877718
359648086078225045
-2313594733687431463
-4842801260489284049
-4647171312837474886
8561316317577126241
-6258844341789984800
8033102386255553956
382754603897197667
1631646082366154761
3857634498215392465
116463362825577538
-2251050517998227955
5311707631866927936
-2968319252268652606
9208671154890812476
-1172741173197370632
-2359698261009759199
-1653312207201595862
9148430767634552988
4871767727025284156
-6615273519519976712
4477184316643035682
4204858306138476014
1273906948033416016
-5061755523019245053
-2345758162067999938
-1364665281463906768
Matrix_4 shares[0]:
6707394290996086078
-7981050720270344590
-6556203051017230308
-549545840731492084
-5261480134593823492
-5824371253515955108
4739142027504356710
-8411664940692004012
-391704910839007245
-8131114925523496507
-4371540071736349076
-5553077759165867307
-8724665277281536660
7581549445121812235
2715925631193245272
4557829692115804501
7176123607391091199
-4455067811538997332
4696652533432397334
-2486443052481656228
3662663992789653730
5132229812225846035
-8359070834757920492
-1013990711850247720
-5992620185614104248
-2088381110596849040
8933036508959236074
1324751598424333883
205869696198529749
-2762339622013070000
-7770010707578646376
-6334492351021000779
-480074459453353045
-8707594023331404299
8648765613430310437
-5807177453100036981
-6837020030028517399
-5024359651927804709
-6780887408461406301
-2765962293146268456
-8616083655307369554
-5778580192791957651
-5298868043545619588
3452228274286937913
4101411806624133577
3890518607723072301
1188536865445750032
7847358938301093829
7729814962492122402
-8533721909556164435
Matrix_4 shares[1]:
-637743990290898288
8820032670641129437
-7181809461415606071
3198899485597608905
579783324054895306
-8785686410210999379
7299240643200428076
378805556061522557
8891992107029433060
2087410841392153418
4506224954367524827
-3970272435003576072
2196580451140557939
8169881861512878395
-3032583744388021086
-3733440182972699912
6097495838850248444
5417843318547800810
-3196700944855835807
-3684554040228851139
-9012044683156060738
-7739973720350627819
5549891904274181846
-1626867473302210761
4596956684618388563
308175333789489157
-1565236483034026981
-3090151683398357736
1547879773084371991
116045371702617468
2434082871450173201
1376656653861172014
2822713120995780808
-5671643635379785234
2459550077942150369
-6575057356785230960
6157277669091955737
-7649226645745402581
-4861640988434816890
3883775105374570978
2842022257261992141
-4922572947883753422
4502374314255882856
1272661722668121919
7346664482280433285
8479242534929744807
-750378500373112797
1569186144785313841
-5651942022638145100
8100714376650497433
Matrix_5 shares[0]:
6604729466741212773
8048989021978571
3904044872295991133
-284605234972203821
-4325450568607511151
4179940670522489732
-8302287430245331969
5260072169074678260
-8833374166928629719
-7960316495966650654
5131307380519942092
4594789774999631247
7633334496896808248
8270713470959285581
-6800748888074836745
-7891923700890877554
4681511139838153178
5295873290591141348
-3404739782169350982
2138422462981721605
-5742013724889385000
5618860410741507000
3074110101744552682
6674307600480277772
-5095004439512856136
5610934596051681131
-2900644858499184075
-332857474282806568
-6024356761249927036
-5802116118219126236
6338483591867471644
-5579169205886647966
-7282891286729254736
73680921873669590
911368471116880723
-5222548091378572299
-8329675883961698701
6168681634182746020
-3991235958532077127
6765666903061783694
-1791656785422246676
-5669010845243935049
-836775363462770917
-1118575914966719239
505550431701260970
-6191598188544291974
-3900791994216239620
5687585342707657923
5228677029898239819
8501638123826924302
Matrix_5 shares[1]:
-8532365549270267445
-3297304296958232420
-9143544624051209683
2571010264587549263
-9049901622441182915
-5290812576021635143
-4604919850975071437
283081348437904563
-86667314979151056
-7057988880398684331
-6766054555355176483
8664830540827093272
7409982635687220110
6032082284954107685
-1500704692463600906
5723050152043856459
7742493415914800954
5552119772480114708
-7305067447226327447
-3040998100543165873
7014938110767401925
-594037637460638622
-5554445670763695265
-5128607609753505332
-2310222909399263491
2691039104609035257
-3874414024162897359
7395079910205875991
4375920383699742399
6375186320748584524
6190367103974565985
4073644708672965956
-2269646594729924077
-7101906867351883835
6822980170622625421
4773565645764106102
-6451688844982065861
7588906122889268143
-8728348264320242226
8388077960592916454
-4213540389604326894
521891699095192888
-8575969682607696911
4938748877585988064
-7579176669015266592
-4197321843403907272
-4406813709567710266
-4971013487966888094
-6279140128997153274
-8857799964564603788
Matrix_6 shares[0]:
3364659467307048658
6928732873899845817
7142541842501141980
3139123788290318346
7189792523589251794
-6473019321624149536
-2318878626105863164
-4749001074057279247
3260770130098741902
-333248437924590561
-7885126312581228750
-7536635813169752505
-2026702036553110323
773485481702518446
-1056547428138703129
-5728289625449937695
-8215791319122713169
-6213722551775251778
-4555465348824576792
-3375292556025786661
-7583111251089841635
6408325693815844426
2543112153730627680
3986637056924293121
-8701882836156637741
-4662407717912125379
7826240197093291266
3839075423776145389
2364082502931426220
8202834799489540516
9187139631382024574
250462737698569590
-2957078235108777928
-1602843038221458690
8211724374606415730
1272145069769614816
7155066744725420262
-8922533990746062387
-7134451301215446485
-7267484354596245389
-5573363300178997440
932434023960892648
6720738206931020017
-3262947120875388737
-1695783607849336052
5104557856204682594
3456793432178761577
3598685643286684231
6843919454305340843
-763912291742216587
Matrix_6 shares[1]:
7986591208176254572
-8268326897534576472
-3206168447888307136
4987571110047825646
-4544332850375117149
-102529149764440702
-6316944199307946450
6697038747350029037
-787924014240868468
297537518105977937
-7906387671483835391
2553878452417026795
8681963762636254917
7266755304173403543
-8509103954940815671
8696472512894445457
4497117989790529887
6293505299038321518
3232707207293123134
-7661784467270410769
7520112749733958233
-1330631893708331967
-158900004879464
-2167218835786282179
-2898112824964640402
-7729243401519507696
-6668300719502928337
-512311644433685730
-7522445858873031001
-1057777386406248471
2016075741025681475
3050101885544703314
7937985172579251079
-7557501518133722201
6235816085696124522
-4587027525326713655
-3086594061937998722
2032970047929043177
2167958818977414361
-753092365341515382
15515443351181684
5026739637133421492
1156492225319959940
-946583033508495597
-8535103725477795984
6329533088371203913
2894278456807681657
4304825633401975804
-2970407965826321880
-5949696039663530656
Matrix_7 shares[0]:
1832028585970091319
-3878225252673082285
-2241507482401505089
-4521081181506422297
-1716061491409947030
-2365847417463543761
582813188828668080
2195041312016968228
5598075869947627374
-7370625772807234384
5736854963254213211
4961070970058344040
-6655927001019006722
-7426332012658289886
8433507192447974331
-462162707988837040
1849056170749628097
-2875089878675558111
-7761795725806283508
-576419957413757609
690929319105956600
-6850774489451042902
4448573469870317350
-4053090381708833343
-977424238734452384
-361605379664131168
-5984681661490470559
-6576715519035539754
-8035212239243412360
-5923357470752508360
-4816509820157524128
6238870818648484875
-7298761929339724005
6837216940874110144
2499773815628118029
-1911588343713464935
4468634522811520703
4312753869629344439
4118046055408959742
-8147825197754068965
-2854643291636542541
2941891628824312291
-1051155407841617016
6537439602343953846
635759197691236689
2463943613936945426
-5723323848015981674
8298562522516440346
9180869706282553956
-8655082356322914578
Matrix_7 shares[1]:
-3530355090299022080
3040465757047765614
-6869967687990924793
-8330757172362652914
-2313409052082076647
-1475965901362378764
4059844075629556693
-8405504243318191966
-6901117035783220908
-7990371645073081079
-415728273101542845
-7997448038318165490
-9145204930401385332
6712015852082738446
-7986307692754226542
-693219253084857505
-8082279272548884538
-6482467199907754925
-7002250562151074893
-8879830804953277514
6259196850000773847
-2867574086311192761
-2275130926843885784
4704846125165868588
6676550972497393297
-5140600534251273633
-5059105614404705068
-6077216561854350682
4114862329464216555
-5706245894646741089
-2110654468974436900
-8372658357617698361
7846432118422739843
6722828674915926472
8299162464854473252
-493422204742927197
-4604635286174399772
-5027937603859410336
-2594987276309379177
-7005341304681819857
-2243333271903647929
2836842396781596621
-6226675277704988759
-6004496653804532130
7170146730902015219
-5912430728961851016
4246121023449848886
-2195570474777759631
8790684400254074958
1548483294395618104
