Matrix cols: 8
Matrix rows: 50
Matrix_0 shares[0]:
7777060862164087998
-4197376362780367099
-4170895594879915631
-1079579443468657548
-3855708446098355708
1144216119797774661
-4726839994415800990
6732684117869622899
4198775613059113863
6058560678642290273
-4737190341561292345
5664618824529666426
6654177218094458144
-2787729739812219844
933943275571805376
5194561818059878001
2474867714636399020
-3664517281171077832
2487283758388576242
7346745644138005950
-621124742486313705
-4856141922716820406
2440823768105199573
8763966937791683760
-2960632848716633707
4375655842878638649
-7312243952922130018
7237940990269899694
7084051038547993619
-5124833328975628094
-7754982907558051684
8510438708666376966
4173085170343959800
3438240307104298142
-4780794887776162279
8551778187737503076
-913188482917214304
5170510170721059307
-7001451095507546967
-4630734573447002374
4786753471762957901
-5114859892520525446
7388736002142256536
-638051045231197333
-8074966642116626180
-6608900548983832982
-5424159374301119884
1815831039121450159
-6709959332062612856
1850685666511040368
Matrix_0 shares[1]:
8438618473091910640
6159009278908346788
-3059561623503062504
738845026055986408
2249155580545889714
-5560538189137636801
-7875459717165599820
5347537198671118008
6702191817629002038
5613050474131282185
7986269624501406809
-8963933330226875339
595602612127804948
-6635744009861668936
-4329461050973691468
8802826853546623620
4036165908107820520
4283820144025900511
-3798154021952637291
-168012823907988423
7007657202091281093
7121995451614905891
-8995028526959475748
3678996523077278198
-7674866763990191956
1049709089632690104
-1046812293059894259
6216446240405562995
8368811561314287623
-8766984024707060384
-5920542028451406463
6663203772551543051
5487336672204807312
4508291077062925337
1369439774289369212
139299060372548325
4021698320104810223
-347489133728858438
-3599428012984237971
3169235918379522446
-5959444395455940640
1115498288177462597
-8890509869293674921
3317115066884663278
-1673148349267412118
-3371301959870065912
-3705417114129318364
1678279239901301453
-9098305549778453395
4572609158654749782
Matrix_1 shares[0]:
-8578461996781802069
-5111187720376178843
-7699502540225566438
-3149689171654185741
-8890482795751521708
-3158261718647109975
513931455479112293
-659711667481201668
-4974057412670736345
1997416814443484207
-1235646360006275367
-6850762286813325607
-111623977142601932
7099482669605271423
2420525035102960584
1359810635700297636
665999207366356670
1273903217616589060
9125765294871169558
4235379153086412290
-6163145557752475834
-1194004824847142681
-6010435130319304195
-5060049260037593172
38607010210336928
7287593399830605970
1319027826262115659
-6922029331542569536
-3640162636151636335
-2519081944768240597
-5354623621077456164
-8122317257281041022
3104044653038870180
-8079407345102016684
1089276119581322596
2832288870630775798
-756799404408065047
5954451800019490995
-2819519454736790511
6082325065408950675
475732125823881237
4359865937806121450
-7096290559476159857
6444123529101585816
-3788272637240556248
705836313994739489
-4847234681786454819
2494544922833172005
7756733355151732435
-7978398932409945177
Matrix_1 shares[1]:
-5141522882991447164
-2883608761362160172
-2055310793475573801
-7373618761248771739
-4175298369821645956
-3396175774906434552
-313562749900701026
8614337243236201681
3883896330014497529
-4932341221135845988
-4925159981170837480
3573107240816848342
1929454638094616215
8420508852768736319
7755814140515041909
-4549209682709768828
-8416263387704033355
5406895932393994453
3547986898794807669
2588260050372551988
4339948389042081843
-7666198636076878155
454090279612216679
-5172680437307053734
-1184207807802800141
-3040683661206704133
-7006308590639472867
-7191948798558541750
-5022541295720583370
-2336826183912437317
4793484249168943904
1635579715396772997
5422043528836658180
-5169135422255156831
-6070765700776788026
-2430721103598518765
-7452534365604579401
8852661794393702497
5802334372734313488
6666535735113738333
-5784647902100938192
-1593436388870905043
-3264140801638214429
-330769615248347101
4772221857157393734
-1504976338956469394
-4756926714523127579
692708759546859516
-444627632796927806
-5326891659792614661
Matrix_2 shares[0]:
5928740587847159780
3670312328230460300
-92781086478073069
-8953499321032605923
1399357031273283017
-6684176557262231191
7275320226299766913
890124773804267735
2257927789736220277
74330934554127889
-5734989770524744495
8706765611735513866
-879441373030232502
6711610993862244794
-1013540869447554625
-2115780851946240998
5509670072847960445
-7104944110640980438
2565481203289948560
2753728069276346644
4403580137285026152
-8738499556233497296
-8144198271456259796
9002168275497477010
-1346030695979666928
-8650688542195979877
-3495414538877050790
-6676431200012707802
1979870415049548229
-7496395901877882504
1742252876856006069
9086201940970759415
3813850541982999404
2678674855079920710
2971241773473450504
1081859461037282062
4495524872249484181
2366843312800504029
4694810204432564699
4631771799846014955
7821512792815832134
-8127427149759704828
-8677122465020445554
4852858305866288502
2129667325821981601
-4569775789111136553
1154396329722618008
-912717226935344498
-3570388796572706648
5278307378965281065
Matrix_2 shares[1]:
2892808043057246948
-5324917231425643345
4904514634183851502
-6945301599820125557
-4941474929120850127
60465199708029273
8441510696771677214
-2906074626570210915
-4891861515841606680
1933622658873277078
2102425399462534682
739122575897318424
-3373243018163978885
651043025226923425
8423145878538786369
-3743953293280174947
-9127822506548013136
253787736980046192
3251155298003885576
5336918109517912150
-4133873420575640464
-701788448515856286
-2854712456470272388
6140637059518483117
2323407167818671245
367243788133732894
9000618767559162461
4683656544352875624
-9138289642625132356
-6476022123074085862
4297122795253609294
-5386710189254391082
1925286981512411775
-961678295857289475
-7257520984908698075
-3305069835188279864
-454735926398539203
3600033549182262611
9119927107701386464
5537811318856277899
7510244816027477505
5425637985384815239
4324381476872848363
-8905921683252867658
4332995062395319326
-3873110258740067941
1154687999385162421
484730926856637903
-7581825430260242660
-1990363753937272286
Matrix_3 shares[0]:
-9222356966649641342
1961180352295355779
-7306937782245869389
-3050332422579593149
5847403515543915822
8919862239359902372
324008768094292787
-4507208946452057203
759868436931523970
-331402668331123196
-3552500174905843510
-7411090773525013154
-1249342642755771101
4275889545418959775
-877036615921628839
4750125133913808271
5725170719454663235
-8316437387583073693
663265307156932140
2826718290849552755
-3710327999198094744
1648994596034898730
1322081313108145638
9169315985404196358
2589562300674018686
9082029465475437284
2350024970928987632
-8602049232166500642
-4853848831798828322
522783544164297123
931710719918089695
-1425334983894227979
7337524967769953304
-3094970204808740442
5735354596748515185
3895553007336407059
4480622346730756290
4660058710916532666
4942793153287229686
-8650772228590662463
9114870809892061057
8285510323780451167
2291376126033705251
5680019582843690462
6561051701409931466
-7654618455058444594
6020580124951096169
-6115465329819665563
-8968600709639197675
187683140847642803
Matrix_3 shares[1]:
4782606320780854000
-578125914705039130
5975533402419025431
8334899388696873023
-806239376700042453
4818042678280544521
-6929585710974723857
-5903008153423078265
2619766114330501169
-5396427223451057943
1973045213862641099
-6011820639624482775
6813729778513673148
-2569904453120855806
-686470390430111988
-6781055487838418133
-3536519755511331663
5142383714897087573
2826928586990987162
-6939855771073801046
8385183809514712512
-3257436008497599189
425944568625853106
8207514963749753077
6226613538814822192
-8229424207984170656
-8738163922420254727
619813455094506441
7255839235418002952
-4617242569302083885
8409611140960222428
-1926764696559905951
8846891157700544721
-1303865216927020040
-6480877140628318123
-6387391375594425532
-65813338839841328
-1922126634489275774
-7677161745488975456
-3139368332554982215
-3435134989861391747
-9040961077254560369
-1851584809541977381
2511150587319415238
5578123452439214553
-5866395092432816507
1450166952299122866
-360164965115193459
-7638184143042606640
2850342416092477602
Matrix_4 shares[0]:
1811397064268547484
-4013364573944885003
-5387521393577553883
-52452631866141714
-1311167687682832007
-7348708583418929543
7926018043224155768
-1226856710451561308
7405340750878354967
-8696683943607333686
5283278798863426639
5221119743433833591
9138324301213602573
1727386488226133598
8193734556755345809
-6528243991043927298
526595491487784160
-8080950033719319367
414867144816251071
-8672740131267154808
5216598668709540479
8107514094341072262
1055674765655996876
-3022226010006455406
8150230648959013745
-5029250758199649266
7177775536029296763
5150455038270999946
-3517077374714923671
8710296826718519626
5481576633258492706
-3936653125779518617
2404786903299238756
5965762976388090200
-7881641502630596749
-5306616720838284572
78917544395728627
-6062387659888779232
891511771530725986
-975051345088835678
-333818972043111974
2521436101378279155
191309388407541911
5397573969198225158
2317450812543930348
-5646647659558788894
-896765857353751608
-8064776064086223214
-928400770952366868
828463133565736753
Matrix_4 shares[1]:
6019945915467824506
-1012822239257200693
-5900377572009291292
8082697653503424224
5787977125316291378
-8318219248456774950
8560185046627636117
-1802231347728186878
1258681469760542400
7005112749150301180
-164193125877948295
1576685196730170504
-3178235995917863345
8813674841392704448
2259886706332547821
-3533352751069514833
-6098647169947585702
3668599673901017932
2667870718223355226
-5833119813062282670
-8690395232884072011
7804983011427623488
-2228998163224152100
-2572642740165025628
1262823270458633455
903034079175059400
-6076610174678738785
-5080270681155446819
5131964283302162421
-8542064005823880878
9102063090359289739
-1912978162867818882
6106922312420941651
746412456514949171
6662087857640082071
-125634678010436788
-5696300546868044681
-8384371319596989615
-1528794711173949385
-642637807070323137
1843239010311049288
-645774893974958743
-1357758950441709517
-7520676028138666260
3834032678026983030
-1711292019158329222
-6979809471147553632
-4164518251796214587
-1714231764580977136
6592186833519430603
Matrix_5 shares[0]:
453232205345314662
-5804458091833186713
-3618114478426192615
6105319973754045141
1516564231465532787
-7349627860039747933
-6312220195184381960
-1971948600748675237
-4063912205371063804
-7474105823381284672
-9000520177582467442
-1028440769435569537
1874403806088849735
-5060956142555114373
-7750972674591514496
-58534087824767801
2816167616682597986
-820015244856259489
2751196896399695587
378587624415167994
-584330269596637788
-6501344263116539490
-362973586600575456
-8191251883304077741
8899952428115324770
8188168598892740376
4760736320111057993
7365053173084736316
388972594609799365
950940561334856155
-4888754185316240067
1639917123910222086
-4298623155342464594
-787354915682018912
134035433848822025
7953927389366401719
7359368486471516400
6359614593521093152
-8916698012694965017
-4549597988849371950
-963259118289186947
3106016545191109013
4595152750105616614
6852529653493795850
9029576450242699216
-7281100616035236376
1626356547295337698
-540923303033956393
5313686176351128599
-6708384642892971990
Matrix_5 shares[1]:
-8960379578043385097
-5091878664047957601
-6125744577356032766
-3590193374007066428
-8023017682319230449
4338499096081811442
8245421333217068296
866754131055074889
7709156156638789075
-5122859121239589585
-1454074036155256187
2792753922586893684
-2447123629241830138
70987736140465763
-1658764224813450338
-6216435764061987663
6796542746760602302
3723471217546477530
-2649325089536180123
842526431262120319
2355572398884588662
8137378486007640740
140849577433264431
8674073805337400931
3248453288034206181
-7478524044140499170
-847287085174539447
5954826390654530908
2325245525279683590
7373979641146689423
7086525641724379499
2200989739329002418
-1331573463362811655
-640648122285144882
-6903565382561941535
5954128557009122904
-4302344235232372349
-6700072194040323297
5459936739042993078
-3852271527225085342
-8538599298856046501
-7551995013243035902
2483464605921735136
7880529311574022807
-3260202363666013629
-3455673547811892120
1157476772466232406
4569745605055178125
-2486477143946073987
3660393174120671815
Matrix_6 shares[0]:
-2791128827338287074
-7214743480551849378
-8335215280738855739
6084099976491568662
-4937288307623003604
7691164199672969146
273950729013598835
3669061747977858127
2594148321611436260
-3220522447197590044
7489564359761592841
-6761102482741462051
-8332067591796715845
-7719423328003635114
566815071431253795
4279614053714306258
7421318375216820033
-7612539601862755819
248341647076530437
4740620948946994922
4153595680683229787
-6238023639817529128
350788713142392112
3694404884136701190
3047731574543600013
4911175337705138888
6528766180536253399
-4472123018373467476
6732208335467483081
7595789669679477294
-1031109138463047470
-2544463503456073477
609114464317712876
-1302625975293555264
-722532836830268786
-8487534445927776332
6899771711917623274
8735135316734378916
-252753990632442564
4257532903994874353
-493200735729397644
-1292156016931434659
318192411027165125
1760956113536487115
747809710033751504
4348923597891990318
3349111534403590490
-8532094143620212640
-2658845933161563782
2854112582992901302
Matrix_6 shares[1]:
5108900155520991661
1386342288672680764
5701258548571676494
-1471053875909666168
-6954150778061148728
-4406040550853608805
8519164164718198842
3431995183788245891
-2028954910704546456
8982871200608738487
1934447357614884861
6609914746896524489
-323663448527202670
831707283732443009
-1077142313280291942
-1711780152248870510
-8543696365796910016
-6868055102941461756
-5168029360743256212
5214409422782629390
604012771543083660
3794745794251349533
-7111969419468236539
2904283957812591119
3705015340551369633
7886238060895702021
3213750781883196677
-9073224342686708727
-9196347234252720573
1725961813378081901
1262312944753910589
-1902158126563506276
1143615253398603048
3075024261979766277
-8135595240852231461
5386237780162294175
1709360316819120253
-6107754284041415565
-5457307133916811170
-1780206658433588385
1502560809573991110
4613680154090955376
1653518104215305323
-4521891121010908210
-973092060654917505
7007456040087109446
5610306738092252309
7502253440983475018
6751548972431631364
-1618109513538827379
Matrix_7 shares[0]:
1903033604427428725
2859135069782402496
-4702707680784469192
1362448106896612833
8708083573135095007
3216277758268515974
-5950573720804295948
2827936455328858953
-1277425248979745876
-1868476732023378807
-3967259832304587161
2216912283768759550
-578397228955158048
-914698527982649724
5691207400048880842
3454674991143801591
2464873820650437289
4920776377141404330
296170710988255264
-7422135580715267271
6364763090444520650
1885009045594250108
-3847799098193739996
-7255064075144741915
-1212828983779319486
7250025392611830853
-413234254532183964
-188140698103387291
4331684553257352226
5382894798053194364
-2593070944233804373
5706301798468759121
5500210350842784018
6101870414595232791
-5147057353620534888
6184926500929004176
-4974805752109553069
9089020705249561924
7141306948512648254
-3711569404592083234
-5829387070024424043
4609579751381827971
-7491939817954189272
3237942402779379502
1032158450303770072
-3190156799539136030
4060438569961353133
8676310404476243950
2864395516248875910
612330268789954746
Matrix_7 shares[1]:
-3713221386412524061
-929235179012951937
-8090681686215346618
-4265413835053740755
700252319773962554
3488556004790185874
-5524302475925377447
8003637965276901719
-6036719536549664412
5674644443590017715
-1157327082423747563
-7210808330726395417
5668920434774647970
4530952203101275036
261548408058022646
1818252504490942169
5081907125049954120
554096053425970953
2156873992647701304
6229477331299588968
-3025286898845675020
-6114214946477302343
3875465649223966454
-38309222974867329
4553376047799195006
-7311854447735781553
9046492160347874484
-8666703643773418433
-8523123440712572732
-8376854768315112200
-6906695279900585810
2461881357974366373
1701350770543898383
5885569142487497615
-3654766147111893498
356558822899006358
1185261876283232894
7030158730912229414
-7931612648330426852
-1722010370541277672
4477048590161022385
-5428234424875052312
8639040902056015371
4838182895002635873
5378389364127372418
6698000206545540797
2546135184722671436
6118708779923906521
2044113351491627501
3163015310374496374
