Matrix cols: 3
Matrix rows: 40
Matrix_0 shares[0]:
-5745994847998245097
-8189277183803535123
6507027145763317027
-7280648400340662930
2673176910910893906
-2201138683366782844
-493379738328945650
3631685591329316872
-8906225191906642254
2643244136511962116
5343268040805944952
-3164920937501220962
-7608649446628678333
-3897383361318932322
-2260397822538081697
8460368380326906884
4795622518761418245
2952126790573312958
964179803346129359
-8490783863715302228
2714465920108542847
-3830286634452097824
3652003481347168213
-5849377861437197688
6126948398564222018
-4099814487264695993
-1392847969916071690
1744953924147592003
-2446909781485301965
8402293206929739721
8511501689729886031
2756006281614132863
266951207276932196
-8656661141858004746
-9029205072172300264
8483814666661863687
3955492030636935017
1912641916919641715
-5295153240637645377
-4257588106110127854
Matrix_0 shares[1]:
6003347897341310940
6958311219257335955
-1597060811746651037
-6430773763469310598
-4386079472818317952
-1359248126644117518
-4113794050580309513
-3006290394850262704
3232919801488246839
3871548389043671195
5935253100572626642
8607257171446693472
1051864441503215145
8866710549059699744
2414873581394917916
-6275341823363829480
5477695441723757115
6528334905746972255
2572505560631750435
-4694101472635501532
1730541732733805608
4728522645093412726
5304951687206961899
2032757771220350360
4656394405133425521
7805952689339090663
-4798371613322178287
905928900379697703
7157605299331758598
-6421027146382929634
-1309837343798208894
6098475095793265695
-6774149209617234075
5653851037891953887
-4963253917164458408
7687649203440187526
2627721177153648522
-5933678737273578326
-1391017419499546605
2333073696853442845
Matrix_1 shares[0]:
6801625075027691420
-2753302362713987170
3899043179467537940
-4285060165869357258
8484129469467762375
-2601853465070149677
5037871274285866092
3055786529609855493
-5816319296617621555
-2194452821178649661
-4680541470045798139
4588525864559467831
-2084704084524744671
-1082933765975689170
-2145814453720172973
3525661348979128850
3622110795653432063
-9039937164077690163
8893855079855760051
-8045141334769979037
-3492677782221680951
-8924454009536602636
-626417621442080262
3914713928443741166
-4977987895274383257
-9205468722178581358
-806616126442127379
2414672595655564358
-3329841964792078005
6129277774779207961
-6235692720771666923
-3727726610059057161
262466591167553313
-7100212692622870014
-617602965744475107
4228887734996531493
1212627694409511585
-7816066531577540568
2825118809498567787
1538498429819351575
Matrix_1 shares[1]:
-2239838257310598702
5735453419743624327
556658717973331331
-2568303757799696422
-1173856667206581310
-4522491665234768880
6057821726675459846
-6422557589334376387
4328901316278629975
-5009370153500744856
-7491851056697252899
4529908201852491687
-2174094575621775467
8741100754442480998
4003790955698492260
5156366962773798381
4472349546823051576
1951687183600789080
-6314236817104002746
2233643537177703616
-2030359287178602163
-2277045138966537815
-3408171139309408936
870853483574563178
2058287238781886222
4807309788796419254
5765476589591064745
-1798253796022548417
-3294171913111413754
2471951555135294603
-2783267134673488533
3845718672535627417
-144306188846251254
5772150240686577885
-389462739453489700
-2046834932808268173
-3948543624737287757
-1212065769760134866
-1432899429147388784
-4279910582514765494
Matrix_2 shares[0]:
519824133383370081
-4882953633477345091
8496788068460719993
-4472901189498278471
-7758925264738762241
6050613217777008586
1464527259418831322
8366978520925820689
5851959421481590529
2899300237458976135
-6029780822178771113
-5527559771014014334
2751015181201833781
6255974088543755820
-3799440840678491333
-7243314948325299073
-2203469524702382356
-6610068652896059619
-177990377805011505
1908798034826070174
3950541781711806661
3697464246177948632
5666151284423666369
3645872104190820033
-1340303821142916815
-8423051651560478565
-4627736507663349743
3748186098245189220
-7120430728156771158
-2617433146107711514
1246858701961607782
344802751016008036
-295213192836462052
3657635019693619567
4952455612548488609
-3836263561347872131
-453831089570341640
-6775273803405491235
-2346745664497300074
-5593343322141164434
Matrix_2 shares[1]:
-5630663850756577751
3381488856987270198
5180972665055820962
8119063956901210532
8511813711739564200
-5665539960711386890
3682162262708129651
-7963861280754201057
-3292557765079720747
4495894657775505257
7443042295095584424
-6518958340129962277
3473097760028668218
5632849500760206504
-4185073351831100713
3545074312786621603
-430253555754371176
6405584413555164050
416478974740595079
3394278808267159111
-3726673902906550918
-1640524329729858053
-154620380658103938
-7550625703314832267
8935631216724814408
1298994690406554678
-3885820642805075924
-8311357919075394748
4284408965043808207
858239689758147129
4753786550669071169
667577667794143993
-5655911480051780904
5452901127768490146
-2128877222082977763
5972815517977771570
3400455821194693512
1328106691095500898
8204084559078661889
5751785716059031647
