Matrix cols: 3
Matrix rows: 40
Matrix_0 shares[0]:
-6390338525136534381
2890859006636243972
5701679955828806057
1971396872677031511
6410094493019561352
-7090988946183176330
301904597724635473
3155645756797028741
-4235920192160486093
780908871688728798
1842136537373205790
4955697538484235396
-3973112779939111135
-6230209738618459409
8298728358857633151
6856637786095556490
-6913626207258755552
-5243942546759395608
5527876533870974847
-4499360395863480281
-8306403075681326594
8916602391044066469
2303028505529379934
-7852738841851734210
7147322061940119987
-3754710015503889615
-6436373167932202234
-4697231654177784797
-7557885640992936181
-3409163896597796284
6840135379844990523
5735351690429869166
8536592345468168706
-1684253034863938337
6659017914461317280
-2848672382508105857
-8841014189749381200
-418907597258153263
3500759371560244398
-6986752309509885368
Matrix_0 shares[1]:
-7495538165919802287
3191460770107533304
-5831815251502207386
5787830659762489092
-8909649664901805075
-7801779651919385452
-439603837773320295
7170096795460591846
-2493151754189396346
-7630930483633121369
-7272129597952217886
8740037572417014663
-3313050512651790851
1685647060911420230
5792697984912160903
5152587035421182041
8634764239425191800
-2339585178954439703
3885814858791829015
-6729902904499170227
-1509312230023448681
-6368562666469674804
-5271172157170341224
4459963963982515082
338288957590533011
4502259824704302291
1277816288465883969
505004463248475510
7926522952584499131
-3442854238248242258
3453603806214874242
867921764168472322
-3512533068030072063
-7605697813853913124
-5814862381691862292
167988822746684873
-8646770892997146827
8070131623810860080
1087702768588516302
161256591254113481
Matrix_1 shares[0]:
-6545128096534326882
7559214778172528486
6594782016833118605
-1426059842762875420
8169319154158479733
6410102755853164836
-4026400186010697348
7799082918462613291
3955282066410518951
6589385206985607643
-8816479099581710646
-8485720227742464174
-2387602215048702733
-4135142226040903799
-8928623569104633571
-2740033718275939649
-8116551624434327335
-9081828070945583473
-5930679385679107533
-7587458717353208982
-1097809073183520848
-8775275823063231631
5836030120131925422
2746286756601792420
4392851637336170814
-8876426558090423620
-5005677252389985337
-477850045161761462
-8002822666998054937
-1912792471354694897
4339754567802021352
7292755037178950536
-7477866158523793427
4685428033738226962
-1547294634741741626
-3227754375790456100
7612983249684563941
-6682042715520445529
3455805645211630748
6596135750183865898
Matrix_1 shares[1]:
-6165938018931590649
4805225424260127646
5081378938869889902
8047911329352537744
5095934425481222153
-2139454158205354194
102713532524473999
7410640364196205633
4082033893273250662
-7469506826639209930
8445372733207120407
-7354129350732322345
-5373125867607091844
-1684665389472376646
6514933926877189559
-4605948812673564779
-4204746245450522855
6537073783016014935
5613857281699805336
102990422525072753
7910177570879373201
-8193184815009431703
2737696438592003507
4102089920098621769
-6914241862036804227
-7151087336335001265
-4496369697180451773
5853776255462102348
-8494896470675094096
-751632325275870788
-6514659807636100350
1567896286330877120
-2910187215749522167
-655277135403940896
6245732346021017039
-3597744001377721697
-7610502178735049706
-5744578161588662579
-9090148539065051621
8173473161574373236
Matrix_2 shares[0]:
6953983667724877900
-6103439568184393632
-4107873462189339138
-320428480579368953
1299211199518267298
1332522355673979483
-7492736274130609551
-1087448738475212988
-1298586371042563168
-444938892535128802
4147999687669261151
5899307170728450105
-4760023359341801380
-7589907046007552651
1612495629888510153
5713427272780006712
5031219911679113739
7600825782396171292
5477913414669103259
-1661053752466976825
4499140973800836649
3342590886332726576
-5844007240638150204
-6725887931916608730
6325939854196238825
-3336847270032740253
8555355626056782461
-4402008532351220095
4603344257702287257
-5586159325547547774
-588933658278515129
-3972294900031063519
-4221588829427206347
3020574901141490055
-8964653077913336752
-2001192178163686444
6117838646388294387
9182676662722660453
8120034032777698111
3703869677065944522
Matrix_2 shares[1]:
6005656122571874064
3923379929122139008
-1560945760043251507
2821304221019519894
8289239271881712601
4028866650114798060
8230728059469899224
-3859063273229605240
-8916182688079996221
5534491059662842234
4319581024385812559
-4334860381294158494
-9140759451871596412
-1641530436548295947
7853536895232554469
5904004048036719114
5827658610607638264
6092296922031150232
-1248721172463807583
-5144066676013878134
7059120635847894383
-3156208442093905923
-6871037070833689593
2251418398015680836
-4608691323717152608
-8186636155083416460
-8486377948597188616
1839372323263005385
-8051995125957627109
9194705487422130975
-2483465555933240091
-3630631035382682463
1628719496684351853
-1241115415757609466
4821532308384707418
-2079665788733330606
8229144447188554838
7206810315353201679
8385774075014634286
-8454087276833338871
