Matrix cols: 7
Matrix rows: 50
Matrix_0 shares[0]:
-861422517088434791
2707298858652859901
-1464160749334493282
-7377382541761545540
-1868105388278748785
-8920046538238683736
-5454728316588723641
-3267244826688729640
5323945070110754360
5197592005375924060
7916611281176056926
8143408950943641005
531616232730429562
8068235312152070080
-7758868339205191592
-4485824896440072234
729107131065847792
-6528826427390782215
-3624191871644792187
-1857229969858097405
-1471097697864144343
6342669666667036136
-2067487074796386323
-1890896728501479564
6090545769757973217
1186697360892030410
-640474743462161047
5437541144443555192
1156895988711343646
1384202311658249079
-3457835149003144206
-6263245853101037174
5443948236490323696
-8643559064074156311
-7524797480954124110
-4358661319112043965
-8628749619810175926
-3452608613759698793
2247321751072393048
6158905685266592595
-5966540130731517522
-6226061745672345038
-5081100461758373825
235319278546193828
522792781697399058
6812101780589799402
-6808363151708209074
-5187852345394537141
-5003348115910912840
311076046875370258
Matrix_0 shares[1]:
-6442580640198317858
-6381816952909660302
-400646909901648317
228092767264265669
-7083803531817388580
-2732690538935320263
6661221497460507742
685781979512225937
-7296351493421920597
-4755379330701075848
6589897756309102076
2824039099294996739
-2389881960425199677
7076189863742669810
-3941913969482700540
-370902237845231793
5287873543034349894
5623706503920134778
690322468931300136
5829409984391471471
-1338980575651932403
-977778948523320442
8031332831662547026
-778673650977128121
-437571586126005967
1152370045265235558
2507977825192150535
-6958655628951893727
-5297904511374701338
5841106584361169189
-8195833082955877466
8871409905542057621
3819528498000629407
-5178551655140035037
4617042327480416669
-1181397697789806920
3109763034714258301
6723031120970349997
1990728138019897172
-7882941324875085937
822589297518800289
-2265817544164244528
-3974999472901574113
-3582112203309422024
-6596452748113474371
-2553256042859667556
-3539849057886746197
-3501274195639305894
7860373403660256598
6425256462059055681
Matrix_1 shares[0]:
3995927449740787591
3194082199349536661
7605604754873286116
-1058335974630313571
4230429135570140362
-4794015244806635473
-5176877770237498030
1753335786029738172
2365639178569542555
5907783677550984362
-1216314429473908809
-1917771008757798268
6656524642999483752
8614355522656064300
-3125031068785877333
-2747726079488727810
-2598506644232625786
-5046077933542881817
-6648255218049547231
-13581132751974137
-5245838582494977548
6094835533852307162
-2581077441423904836
-2361360734096653521
-24280955814559991
582456518203879636
1146527694407853105
2205027340881579774
-3827102721548335525
-4675223246328768994
5330994691573397521
-4795347666967279291
1909591519331733762
-7919144307120540603
-1738659623991995045
6647958178610593742
7342713735054501540
1194133876740911033
223204699468887144
960682521718354384
6918343548907050145
1740921775204309683
-6087394054924720565
-4739202408427186163
5113608827228324678
-5606386509747415747
4575951201102938011
4610677449585034294
-4952303851148104889
8238469343896737210
Matrix_1 shares[1]:
828190511848280523
7775287256458347155
5541150707860509505
-6487409415415742271
2461656184885917040
2204253925664799222
-6178324012326130959
-1810734755410379627
579503836822413166
7662044551282923904
7024595621723331018
-9184043345353560310
1012726008919136319
-1986447722443119401
8944982099186786530
-4957997481833293544
-5797889736761556178
-270407687170999434
2297431929461404219
7055574155390589533
7798654894120249193
1663724961695003612
1195083251906178221
-5864995220191747392
-3716782827803843720
8296521743298744503
-6881489932874856475
7080806439824297074
1044569312601859899
1765964504453033327
2516566294941066758
-8496445544976105435
5355274138482993097
-6885172502944611330
4793624098539973319
4234288037230755614
-689555163464899565
7795718903703610395
-321490308904398256
7466952901724837939
8818168779113760305
-7602469335527912691
165701859640102629
7620564003824465908
-1447786977267749039
-3361890259732509478
7838387513086054828
-5040824909464438611
-3002088538197833946
3898531264168886051
Matrix_2 shares[0]:
-8855990357334463466
609365859318741931
-6885967481476221166
-8785790883812192602
-5396145743052031276
-615953917858482600
5329987464565345929
2743495197021476290
5458389218616250979
-6638387189190742990
-9196363792685050652
3964793576150082861
1440978998276048081
-796110615749060728
4948958959131573043
3133203277878842054
-4064699098524317382
-2311884639650889585
-7378225356075117783
-5594455968424663539
3863298701375693410
-24966139601770876
5095136226683522860
-7993966532104578776
-2807839891184369099
-6807132815685064159
6230175087141853926
1790470086549284551
2444015065097471563
7017437862954273235
-759337201596912097
-1091983516627139909
-5721703431600046087
-7811867137935774729
-2772901212463404766
4441840464232429528
-5760645650684924258
8562278090189203841
8841459029159970324
-105505037883410394
612021624055341985
-3550996438913463407
-1339772142989441397
-6374479273231720178
-5747620725898879556
-2637641523744241744
-7874132198226272155
3866098329948883645
8817135920484521387
-3352751652733529537
Matrix_2 shares[1]:
-8839650569094597071
3051530933837230308
1893374762575924028
291245767946174329
-3546266296946227882
5590640167162240821
-8806623907272877683
8281569477141754961
-8076032758490291589
-1131501664246666951
-3637217920109749271
5128006414069834542
7631556999595802024
-7865955803449370232
3858209185860600851
7666638790403239692
8436156418271962481
-636988408836604081
8128940106517178428
-5207883322452017124
5558872419713714525
2165948544348680814
-3292521265867837749
4514865951634317795
-7126153000419536737
-7069561483026157399
8156718716226654199
-8878865636331520399
-7872788444873874632
-1766317840774876676
-9050116003784373361
9002774870009782014
4765385473043687518
6819859477777366743
-5489706349089413823
6387766902280519525
-3308929934373280985
8028693280555994166
265553487740896190
4533276168105138740
3040860341369854471
-7397742582535265319
-7440735747015872667
2179868652565229166
8890054865570370248
-4397985609771947994
-4882566631066276089
7946349538971152854
-1633288823008913968
-6283459421378344587
Matrix_3 shares[0]:
-158826861454271298
6587342260855645730
-1055945225002299993
2397214028912116403
-4980454629088097955
-7963640814093802446
-6459479244732047431
4058348338028489196
696095751394052068
3797615454934871202
2148708162571862460
2987949221271051788
6600082760966699652
-3918070972402386230
-4604539553391379454
760888408926465375
-7737458894048282419
-2226040154564707641
5156536993121005953
-3629188680570882183
-5278174589408977535
-4961758134395186584
-7621285018519170341
1768165387649686723
7944371331098767431
319465771314787662
-5770550577586383027
-3012671020292698089
-6365499397233165853
-8273047619096349366
3223941702689477687
2549704157286844492
4586021731598261541
7099254084925157854
-7372644469205277127
8403027566953845221
-553313098821094908
-3161695729242232156
8060582859078077122
-4473952420492502906
7140604467484743866
7945573781045663710
-2348836928137657746
-3834211145767204406
6522846784465546613
-2967965401453328095
-2489931723702416578
3646414165106253486
-3358870119211210463
-7081430834162854706
Matrix_3 shares[1]:
6137356358582015082
7379609895551371219
-5712859368359443070
5895347775229616456
4600175066993110916
4221681620635196031
-1302177894525849132
3762558293234604583
-3292564488836451687
-179227450393980907
3477884156267337789
-8063944784185733409
-2173174897713224576
6901921023397100371
1845942053079969191
-2791798305048195936
-685815881017613131
-927770590298810229
442640870252939135
3969756274125497912
4821846678488714321
-8387430215419747946
7415878697532269344
2100436402426748144
9100021657242642746
7116755624562469412
6410980661938746273
2060527088837592991
-4218642164407297165
6917805664814475756
2639657037736346639
-63270341535325772
-2200490072466308850
-1631639088145207178
-82207415749409565
5858731253872499523
5607516754771351831
3479503626804527356
7736719939350872910
-6038701994489444788
5217371677417491795
-3743916745934034009
-8585787829669659677
4487330683570046803
-753724720835258386
119754131906479574
5383021605085631288
-2975365717355185761
7019332211356427079
-5886452412351111204
Matrix_4 shares[0]:
7006978931168029355
-4269121903272817259
8995578372251082792
6019753710141782814
7870277203686383437
-6960600146073802238
1665936211058609287
3687942101708843853
-1331970372839950464
-4942339044789145328
7863016694871693843
-7223298857204869277
2129627597845944725
-2646523850736041650
5984056897107333418
3778388865166850921
-525356750332699690
-1247384715631245980
-5735235570341942811
-3521783570580168448
5344999549914954314
-1813184357891765924
7899948278509155040
8956702435309143309
-7612051562917224651
969349171625972539
-8070099239471598763
-3999085825934795713
2775070719147365515
8789781602698482623
-8454120005956826636
3558047305584565651
-978483625546415114
2039482018920921911
-3696540348908927825
-8258487925951861292
-9216823467289498205
-7499502655721119999
8219872081812438355
-5156994874115163521
-4367432195711263972
6898537490163353928
8819178938895863278
-9093061518514378563
-2722369222490253760
5318396605365640224
56832793807310203
2496096503966563014
-4135639040534102473
-4631663184037519436
Matrix_4 shares[1]:
7239833638950047868
4057208032126867201
3633261102245804354
5394698848228166159
1303217555253079230
-2887088882080496104
5455698842885707835
-770222309011349186
887582807820722891
3797401330650521196
4811643184500683723
7486647896007966584
3841713707775426503
8473572009112629713
-1957643399475738977
1940621275745455523
-6857019155132683369
7189841207780909087
-3636050484262377791
-5256213712658431903
-4613537783344511927
-676226917487695079
-4451923792635523812
356082680047632058
-4107563507572770771
-1763817827564878047
2313919916407536095
-7790994600731033119
5259674242817074778
-5879643980907942455
7520801533143261456
-2606497513522095875
6767326990270044199
7447598007703656944
-4234512760248454538
9047502866925878254
-6358643428887849109
6092452093621107954
9026095374511301418
-6383438602680686070
-2477052179306116099
-2164928526608434663
-2796028107865791459
7016956321259095467
7012246542140887775
6490020847232327598
-8231621350032028695
5621111675517301176
-5825652365107506135
899704874175758555
Matrix_5 shares[0]:
-7046160881200614993
4219510556541732375
878653791705251880
-8879035812925238966
-6767017982884498679
8966534948068760682
6757251346999626729
-3587991266604696885
2733372092526031956
-748624677547950234
6347026375233733628
2647389254263256056
7452080011302080073
5806153514773367294
-9067847787769535315
-6627595934724771932
-3661524552127382291
-4444567511025997083
-7311142341008852257
-5016872853657804481
-6137876205647683028
1614027594109229642
2971251940492258926
-6621972887077080337
8368712662765313549
-1846783980174772470
5771651548583734152
7610075769614456438
-4240956415829371616
659445944229743703
-1761474053696604468
6941030381243540159
6080469570091280434
-8614954520824831600
7291580890231321125
-6809243173178771422
-7166621295423127626
3606933513797338145
3209041879821465652
820130171750578210
-4157151802738339572
-86902181833970923
-9197552128365786146
6296520242467177983
997507700826929068
5158404702975150645
8401734723941812073
-3345552388981179771
-4489086992018070007
7635554951101885600
Matrix_5 shares[1]:
3248305461578706881
-7693231476668835277
9134038723461065667
-143292316367568094
292973323159555890
8745350609174168454
-5814489355935541511
1705847094609239404
2800647872505369669
-2090728520217153006
-8860144330495438957
5690645530634468955
9152283854538995834
5788668926452470454
-4606693525697195353
-4186289712246799171
6369106713546677662
2518497154129540583
-5744648203843909392
-8774767286566036920
6011871672616500802
-5546655025454147404
1391962947309718383
3919792938223043673
1727955674369269276
2649552332423771219
-8716196805069235820
-4234216729611405845
366393019893084238
2548905627243103290
1175848599951236202
-4996550222293371844
1633729065879104850
3030559707232600161
-1560669587414925544
2919602008998866871
-7876156219610290302
8701823438935754091
-2344863056356669757
-7913415659829673434
-3428067286961047642
1720807324107244232
9144920994715792483
-254947425044010870
-3466615737314082166
5566286482567764381
-1235353596800978185
7034509462846730641
-4890624217507595635
5327923486119093865
Matrix_6 shares[0]:
-5849259365719203462
-3049884607879505182
6267220849307358972
-6365666745961426984
-3579958280078986789
-5669126102061617876
4546887727156828100
1765937707355884905
1688466904106017730
8326375663378482018
-1615199768704263811
-5408491046115916893
-5360970232185891615
-6589876294463941574
4206899923636933180
-4926993709838626328
-4010970650598858961
-6699287933871093907
-4915612584444354810
-2264491774628940661
-1141595717667574349
-3598640742582423760
5704619189184759546
-1884849167605387144
-6052594780587997409
-7943088990756333399
2699631749780501529
-3632018247535711846
7283428151297237815
-2353793903222713867
-7838015073354660773
1318708179181258961
-5518675760767590136
-2242350349726509196
1337519179567332312
-3899835589217766102
-9077070236995181530
5330449454202573364
-2429728543165599976
1689731161639245993
-8941650519897421904
1573875943680351388
6973530335014415660
8663281486111793113
-4143810320731529165
-8500606954700231158
-3563374823169905458
-6149923225453156214
469009388423544217
-7519742993700061590
Matrix_6 shares[1]:
3054969157326128363
-6284745224252001109
-5828061283491521040
6892752181659143921
-8584268565769872195
3151528045482426034
-3075936056695173983
8196481567925099085
2487268837685189868
-3520314138259057544
-481612082931198779
-3199180561603893247
-8329456807943907835
7391278510058829080
-8969504595122963609
-4147488543472665330
-7540506140537474960
8370306034458028016
5049035490583763527
1514696915478410241
2006305215778897317
-7200680739785706365
-8446730513523846194
-378888801118682289
-2981364264655845514
-3235079178249653754
1738403666572660000
-1564393310427524469
8688799610621092787
-4945882819538416973
-2919049775690345717
-5794399798777932194
-2183441594539422200
6633290228620364523
-2317943956989276387
1117122836075430068
-6569740160925834687
-6683765988508687532
6298099846163194523
-4347872138669232006
5438753309219461020
-6680940684719392703
6144944196609020015
8971606480037881058
-774381756027200900
4689432615117139696
-3765957139316675497
-3139289228657302188
3114476797788781583
-3737036223936473553
