Matrix cols: 8
Matrix rows: 50
Matrix_0 shares[0]:
-4381592675923184854
-5781200781180320116
-5719750321832251912
4845210441125152026
8363864040043787083
-1377096655035375243
-2706080189164366862
1254734281904952409
4446805673047568514
-2679542786489845018
2593808854971059529
-7022904977373523521
-904261256649935649
-1547556005225727249
-4628185734404353491
1392846268449739773
3456793584125212175
-6213604026538783303
-2883804463807456315
23877080894804958
8569444593037031511
-7617636759911102761
7183632351749557184
-385570391277344656
7253417434443480924
6535697023065475075
6297781533544826156
-3732735688857267150
-4944451344083085737
3367365130824676349
-5553936841140166034
-9027231261221976512
975508650987864413
118562847115815839
5840698833108808455
3618350683346478932
1100162957796015034
-2706245676602461032
1514972982600768239
-87449087511032721
-8349391803073071755
-318900604807298136
-1921200562975930757
-914334746621729246
-3917135277535265833
2446220411486775744
2281396880286857929
-389823506355953989
7899766974729706242
7925825329613332322
Matrix_0 shares[1]:
4442629608105313696
-2065577122225424068
3168659709427521463
3926975943108570662
3094137744757160713
-4269613908895977308
8256153358827668678
-7848842629905134701
2422662825939633596
3689185699775581439
3702638182036908880
3357602034514735156
7364149232238617523
-2773379037036566784
5465024354356683745
3148105449246046129
-9105435179926004803
8024622922255940520
-6471050058469203029
1965586328854747053
1024931846088140935
8715896785829547394
-213889416722671730
-637595032360008922
7942215889287786751
925242583011836369
-8899765395079735801
-7767221992330997103
-5016468245491398892
5026605209975180309
6658014672417189267
4882877587571485904
1460079903515065200
3412594089748781775
1597644093395589472
9211713278508667537
1928342859784319433
3236758295216079025
616600210056093704
-1215988201198916077
-4499448212424967687
-4915388181832563059
8731873963874097178
1452728139832175803
-8908497318102050750
3593484024718152588
-4330257643796062115
-8234035551986332391
7742217926549155617
-7947163683752249844
Matrix_1 shares[0]:
4109817284037631702
-3763599781693628145
-5101155388927177464
-8833894256027874515
6271502044484794165
-6915970871010390494
-2144129521280552216
6504209127810637272
3754392858470636948
-8050389628949914776
1380734942570782200
7945944644976381391
6945959209146419109
-5099019254415802052
-1978907474877265158
1080135486021717497
4908512158429166154
-6692596837029525314
-1600063390782505458
5414536179237452034
3896647641360446258
3106346803707063874
3235401843342960508
8289789180840442578
-2836307789224248155
-2712265524982453823
6716186687856784692
-624261161216570300
-4169369240677024220
9019827905486258266
3106592504590407601
4053210765704428479
1709336352592890861
4721404291771140633
1248302439305544895
-629508828069034534
3152699344363140653
4420710469275233627
-8822663674830168239
-8827044956800681961
597247718523340950
-1662296429913148052
-2763443116524624467
2423909560518833308
3345675495725304281
-694954136931966515
-5978230878900225342
-3238317350604484195
-9182817501642913626
-3517942447013526119
Matrix_1 shares[1]:
-1749645056352688593
2418034633056855140
7819976090952953200
-5574420225040656694
6834306148370577366
-7013270549482430645
-4889893918403255074
2098308902013343254
-760727582939196212
2200013232613646502
-692323471748486462
-429106902505843630
-1374055502586653428
-6879942598680735067
-4796004858075452791
-6847660902870742247
6891436155362916511
-7458157647407051638
6839699617167802036
-7226391537029787889
9102750642093822565
-4510576192753469121
4334915457034725021
-3721648696337541089
-8150126035858038794
2631195618406439186
-3068232963255340298
-2916145533394643751
-728699398596371329
-4995144664074430931
-8050764270459008292
-2158753882286638598
-3590320813739774429
-6869758040358450060
-1783821302480040231
-4122109634402009221
-7347229780879503542
-4946721913430144761
9175816504816744321
4806507433884922197
-6356567783012346298
-5426307480471170448
5955545058672712028
536125822633400136
-8178969925120062004
-9120425230370743723
2165482231291727582
3596660237333679557
-3849032181870599341
-1945379658432358180
Matrix_2 shares[0]:
5160718904891988047
4616948012117105262
-4836105309180025908
-6834454051991907432
3245223710538228589
-105630530484896340
-1758100852660191706
-6481869091840516276
-4673159439004906520
7602666031385940621
1670911195464880886
-224756663356603368
-1227909823940951172
4112254379170238705
-7864104586517728054
4442238913405524481
-445836109350309718
6100117878825120090
-6958470165651384540
-617082635817806287
3046392303340837523
2885191644367018190
-6426231615100978160
4828676858321200407
-1909389850699769094
8178995213968983546
-2883139769387068875
8431482236743631177
4594552514645768033
-5688326733670780439
465075375478371320
-942345504234500775
4606589888245219105
-4065522647889845709
7572732054304143735
-8486519711943958599
-4921428935102793364
4060444708143864160
-7322071621134971867
2707631619897101012
6516832829961028325
1356740885840607355
-2091187835152522169
3931611993113279205
-5277554805284781825
-4143725628838665173
-4285090217175077204
6145010967353413230
7302740086247380631
-592969374401457678
Matrix_2 shares[1]:
7152021532390607036
7830060630503971854
8620436017968758247
-386298753708268079
5641958637266089558
4440531715780376130
4294378437428695543
-5866523062748030478
427134632968831590
8793606349235037241
7390219067953176513
-3087497005941435169
2743993113784318735
9213680543366077811
5262576666999289548
4306452925405485194
-1470953128011956225
-7260253593315209755
-2538202817414052732
9041428109081013138
8872892906529041162
-5800026117437742166
-5003232919600915792
-2879200127617394971
-2649382401168301002
5967309200076487304
-8761544588857577310
9083671207650182145
3833542623162377423
5183593801353517806
2616185386007618633
1946450148198701745
5118626510233803925
-4219632248251795809
904061239608575791
7680962277378607350
-8655352706028704907
-1095972731392634984
6875455665804541371
-5654324610373615493
-4537078846904390932
8986955252404767599
8648329656659294778
6356734310945988501
5548095734595855360
9103288144543853193
-2077204159408804694
-712633013692095824
-8094260728727690645
3243163775424057624
Matrix_3 shares[0]:
-5786833263692836320
8233513469783528376
2884365969728662885
-1613608741110758056
6861431523120761338
-6170441292367164261
-4200859917826862200
5992258558906101530
6421344029728163019
4054577131212018186
5186252981879461403
-6911228763590074769
-557267479155626536
4667979250610641183
-6160042172184645582
9098537047655447041
4062510026290229915
1967791044448233768
5050082425956471377
8650704464749747154
9170778330498682848
-531259551140810773
1864376849591014402
-6119697220581451055
6422996724384305083
-4312785454076819910
-7137842627637586398
7014453174973155982
-8168860001395242775
2019708652759282283
4369482732074826519
-4709712884236228773
7773607605153756499
-8014221422966057450
2420878924963027860
-7234811092772682812
-2579745543855873449
3143537860255625488
5484177349591209859
-6091794375830951350
7541340554296689251
705421104220978108
6172621061513403436
5064878125297950848
-1440513029626038255
-7086003583026144416
-8972148363342092064
-8783965747447245897
-6935623733763123741
-4756260017840078736
Matrix_3 shares[1]:
-2063874769922425949
8961276848072078045
147224110092353816
-5890539207992685839
-720835169144144661
-6537825320409963567
-6657300357279210135
1010673131193939104
5468573873523260436
8317923796337200606
4674735311817639472
-6500324961304230303
-4971719010937837490
3529972376162081293
7365735920440336447
-5107795496480260006
984590744211007813
2401651007746384716
-4470210870347091501
8309585787104317445
-1768227874511100939
4065447360798932716
2375022913734541741
-3801381739442495938
2690230435092822410
8595157320055488984
3368186782249172735
-1336391797957369186
8738108169090434187
7240374081984923176
8116197096463259787
8788520861010361035
-2293885825049730570
2113412213624745143
-5192894299730165873
5114378656563964130
-573311880347342141
4138218385766913204
3924978717065824174
-2797203006198172703
7584877874148620111
2530697420883306341
-7691844394800620926
-6005267881796280684
-9171438744996219494
2412471451960266557
-3721436924787766902
2335480374400006320
-4223039275030514310
3350087100024655777
Matrix_4 shares[0]:
-7755093717170242737
6608870226331193763
-8968455445780924325
3048044628058246739
-5919940868911435417
8600927659827055355
8996749140670549758
-6178887718831235557
-4030661609582375232
8555468648208647342
6188452327243518530
-1166629443430689833
-4707156716150399146
-147441738094541099
3608472932391752390
-5893749948633267474
-4468518247845667544
-1860994943095211982
4466797491476603916
-6968302626240119694
8199232672166638370
4412490044866910227
-767106782479963908
-4150784242122939989
3908023461300700730
-2873124005071256784
2119125444352695820
7097281051835066796
7616788606300472804
-3228335321865477873
-7803797532683181790
-5431881342577632612
6744294814896557272
7645497430318866257
3087302088687695489
7983214002256181294
7225416419914423632
-8592809687219751346
-3789191505374888814
414572809702130194
-7267598755582047815
-4362863906933265111
-5919440432854965227
-3284018359696836439
6900561757033838023
6028477896945289108
-2215843007913711081
2418673173233009651
-8481849773973405435
-5603378371973169751
Matrix_4 shares[1]:
6853588992066303956
2342735170361132457
-8500035695170857162
4821093027206238111
-5100024186642200385
5347131433087119286
-7078950848693383088
4506458969479259549
-6708215149768186470
-2157273926856375757
-5643116663759650543
2528606962661128159
9004562912102637284
-267574119874932548
9222024965550587466
-3064521995806657559
-2250225119248063575
-5485637989088726141
-333688516727980791
-2285116917135619119
-8011142994616722652
8186494351247622723
1140620416394593389
4013826598137801438
-3347767601520576914
-4092488484954507449
6673045006437302943
-3018328833953966631
-5949095190114397201
3084459948363361976
-930625161941679654
3115339944909091183
-6674390650357395550
341751795553869514
-6526557370893520145
709884978903356576
-3450043402881930271
7332038122973546085
8918352699820633627
-4000243132338672731
2615833491443714022
-6380071699252175363
-945311238419914732
-2852102765637284072
-2908694939272151601
7387735232648591406
-3472045231128385932
-2802585887922445384
6422307195712554774
9203370008245642268
Matrix_5 shares[0]:
-3788806646386420092
-7403947219175929158
-989298889106881324
-736045866473299791
-9090535241167264807
-7937870531479445347
5951617423996314320
6081506794439686909
4228942464757344515
2409987074320526325
7015375416317296474
-8200005739793446917
-2002246235160626983
8058844138508166931
-6853622943632864569
-1779100611507057970
2235582674138956978
2059545251252861684
-962802696155794615
4827460261293372130
-2319136490214442912
3684445184884846557
4931315395233427581
8017309314317922858
5833890593775242707
7809797630512236636
7960532370466438786
3086271888848823963
5011020480246082767
4015795863067649936
-7914635527830729470
2078916544636181814
4068028067787399781
-8342668392860399664
2005743100532243639
-538635560845802534
1029146623988098977
-5843381434385170730
5125236601001245033
-2507276238297399711
-2929231443120502394
2237166607836193705
6993337588137964676
6051527359445166875
-2119984661466212969
-8900676507192003036
4208727892891785139
1822700512406299376
8432951100125094390
231541676494371197
Matrix_5 shares[1]:
-3038798336682212075
5021893931575295595
-3394137642492991917
6328885418319828403
-8933426193753912735
6175386068286702569
5020459663216818641
-3734052296152552420
3457337159880781154
144278141602136152
8813800460085676591
-3937770359738510086
7328365928315865620
5640223253713423812
269287081917794123
-3313274212502700630
-3161794044255293963
-1410718625840842175
-3264209337772694333
-1577282218069561714
7190983297080502679
-5321989885897594032
-1987696109012390352
-6942267643889228633
-7588526217564766779
-7007811072372765840
4050961114210305535
-1546497597091337405
-1442024148889958366
-4800736626724826187
7489295615493401193
6278166587831468793
-4833989825057181995
5528708239474632396
-7523364858980584135
8639773867056394327
7719525812674124440
2445687079343543470
1332224395724289094
-36734051815336405
8325041987220243226
-6646401685539729053
2168295186422480072
6364452579444411463
5437308143317683923
8232634916466704211
5672104070720491151
-1664771339890641024
113968351031080213
-6854098226729834829
Matrix_6 shares[0]:
-760744580820620713
4360958123992545527
7113336332778162319
197635584287502258
6807445064306062094
8785444802147909186
3391266833456100858
7603393206421919317
8138836925188291317
7403466247303447859
7366293693058226320
-471824507362687215
-6841311363524582880
-7523895232311606252
3017272727376265508
4562302345984841591
8251022732687043641
5784432691808520832
-1390600328866877387
-4493403086996427354
1942831464002970407
-4538672368172582169
8865175103490511533
2249388448673802501
-5127097025549594190
-7189565749759866950
-7746759721857695497
4099109244679744748
-7416780352585987756
8713319493356768014
-1436560646158850284
935960299860233948
6432408331600292072
2909018720279983473
7416651502565294255
-6402025402299396236
-3219988375215660138
-3875881518074372433
-5338395295684357581
-2145576754357951024
-1634742505217048462
-3163611631275279818
3083722449948381215
4877053104663835958
4429661963635169876
-7397930018642987254
-8348368046986199059
1727359941975959002
-339210315027392740
792122498846512924
Matrix_6 shares[1]:
7075598546918433423
7510707528112780125
5866607014121760301
4665076032215384808
554464425784641884
783385751180653189
9164148093438548449
7508275077852863234
972622271565269432
-7516401710195028253
-1298921744197949617
5965442371649127485
-2929065051483914026
4304478147466825351
2301066162531245793
-7912161855345454735
-8055644199735736620
8747075757794388248
-1690935513484685413
5255104136962276763
-8057907090864124493
2572148860797853186
-1732974738474340793
3913112293655863979
6531968457990932584
9030518969383199102
4140993872845558484
5393533112500342023
1915416912935672596
5305822589570887317
-7641258003039001065
6258376972155530933
-6119294069078100884
-5717940189501592594
8534573973326170138
-375527068473815703
-1437918010283370604
2720510879628262173
3747710560451870745
8976464066779560521
-8593388957614219568
6544958646078836325
-3875410597869592903
2714562952760204515
-2462033237521026522
-3630436730631113930
7285271865309930022
3156038240197224312
-7172138788718138127
5749079402565771791
Matrix_7 shares[0]:
-1067668598505382808
2493044870372770602
3304713000478654863
-7794685205650199731
5614122501087891107
6422172330492360479
-2564794161090148380
5246488551482062237
8642503811285460589
3378701183754254459
-4129047599197139917
6529813453038022917
7600261268119146929
-8337402925717168224
7300016261499270934
-8185956081738622841
-949982289516850166
4909159747773923082
-8965302969678079265
-3510850857638896895
-8161325354112118568
-1461661482717858502
6798025959880567820
-1286465901165552399
4112544498853624823
4738028024215068141
-3009432992514565264
-5025349235374665553
4745904413281728334
-7640315469735394958
5422343290093139021
-3992752225808345238
4472393593349194934
-7568102710888643005
-5002014872484036933
8539225926741576235
494204401638835744
3179060190935457417
-5431760602140126450
3495543524708371063
2089096209096574385
3612671817990436745
-1796663912756676306
-427973893600011228
-5240302045963681164
6701428790554643930
-1140980510963214588
-856671090674521739
-3547134296705415874
-1837015450135200058
Matrix_7 shares[1]:
4415808806575532911
7706613117600561611
4035377264553802829
4030274171172924991
-3607194484593381881
-9127828944235678120
7552163104156606531
-1657680128625635173
-4470812851438028855
7318609481428448462
8627808469526861322
1894435509212500465
-6780621486123083182
-1744119785658097889
2915054441677479890
7109704941735145080
7418534678840340182
-8429293553078800348
5182699199108469461
6146653576094982937
-4662778083460943314
261832447424871472
1063240879662390978
-3910365391675660342
5612772526974999176
-8036112102903813698
8631832097964623676
4161082307616049168
-823430406339223572
1913772433049263468
-8284674213774630083
5545834588743374214
-6783112042168829007
-6264473234430646458
-2654411931993672417
6688769295640462985
505241314543497256
-425276476357147043
7498564798682588298
120815480105145261
-890043626879797610
-5359803026878570412
-150492847543740536
3425287190450019545
-5894613600060516615
-162812439289926004
-283950474081650535
7681097780872608056
-1599617651088704472
7261226664330294233
