Matrix cols: 7
Matrix rows: 50
Matrix_0 shares[0]:
-6442580640198317858
-6381816952909660302
-400646909901648317
228092767264265669
-7083803531817388580
-2732690538935320263
6661221497460507742
685781979512225937
-7296351493421920597
-4755379330701075848
6589897756309102076
2824039099294996739
-2389881960425199677
7076189863742669810
-3941913969482700540
-370902237845231793
5287873543034349894
5623706503920134778
690322468931300136
5829409984391471471
-1338980575651932403
-977778948523320442
8031332831662547026
-778673650977128121
-437571586126005967
1152370045265235558
2507977825192150535
-6958655628951893727
-5297904511374701338
5841106584361169189
-8195833082955877466
8871409905542057621
3819528498000629407
-5178551655140035037
4617042327480416669
-1181397697789806920
3109763034714258301
6723031120970349997
1990728138019897172
-7882941324875085937
822589297518800289
-2265817544164244528
-3974999472901574113
-3582112203309422024
-6596452748113474371
-2553256042859667556
-3539849057886746197
-3501274195639305894
7860373403660256598
6425256462059055681
Matrix_0 shares[1]:
7304003157286752649
3674518094256800401
1864807659236141600
7149289774497279871
8951908920096137365
-6794006996535547617
-1206493180871784101
2581462847176503703
1972406423311166237
-442212674674848212
3940235036224392614
7479296023470913872
1858265727694770115
3302318897814811726
-6745961765021659484
4856727134285304027
-6016980674100197686
905119923470647437
2933869402713492051
-3972180014533374066
2810078273516076746
-5364890718143715694
-5963845756866160703
2669570379478607686
-5652974183631967250
-2339067406157265968
-1867503081729989488
1521114484508338536
4141008522663357692
-7225308896019418267
-6793075841750529944
-2608164052441020447
9183267339218598513
-4624633354495360268
2907755153473707441
5540059016901850886
5518986585095917625
-3270422507210651204
-4238049889092290219
1724035639608493342
5143950833212717233
8491879289836589566
9056099934659947938
3346792924763228196
6073659966416075313
-4258845737730131846
-8098531864114596345
8689126541033843035
-2857025287749343758
-6736332508934425939
Matrix_1 shares[0]:
828190511848280523
7775287256458347155
5541150707860509505
-6487409415415742271
2461656184885917040
2204253925664799222
-6178324012326130959
-1810734755410379627
579503836822413166
7662044551282923904
7024595621723331018
-9184043345353560310
1012726008919136319
-1986447722443119401
8944982099186786530
-4957997481833293544
-5797889736761556178
-270407687170999434
2297431929461404219
7055574155390589533
7798654894120249193
1663724961695003612
1195083251906178221
-5864995220191747392
-3716782827803843720
8296521743298744503
-6881489932874856475
7080806439824297074
1044569312601859899
1765964504453033327
2516566294941066758
-8496445544976105435
5355274138482993097
-6885172502944611330
4793624098539973319
4234288037230755614
-689555163464899565
7795718903703610395
-321490308904398256
7466952901724837939
8818168779113760305
-7602469335527912691
165701859640102629
7620564003824465908
-1447786977267749039
-3361890259732509478
7838387513086054828
-5040824909464438611
-3002088538197833946
3898531264168886051
Matrix_1 shares[1]:
-4824117961589068114
7477374617901667800
5299988610975755997
7545745390046055846
-6692085320456057402
2589761319141836251
-7091542291145922627
57398969380641464
-2945143015391955717
4876915844875643350
-5808281192249422209
-7344929719598193038
-7669250651918620071
-6627907800212944898
-5819951030400909187
7705723561322021358
8396396380994181964
5316485620713881253
4350823288588143012
-7041993022638615396
-2552816311625271645
-7758560495547310774
1385994189517726615
8226355954288400922
3741063783618403711
-8878978261502624139
5734962238467003371
9160910293003674770
2782533408946475626
2909258741875735675
-7847560986514464277
-5154950861766166890
-7264865657814726849
-3642427263644399677
-3054964474547978274
7564497857868202264
-6653158571589601975
-8989852780444521428
98285609435511113
-8427635423443192323
2710231745688741166
5861547560323603018
5921692195284617937
-2881361595397279745
-3665821849960575638
8968276769479925225
6032405359520558777
430147459879404317
7954392389345938835
6309743465643928355
Matrix_2 shares[0]:
-8839650569094597071
3051530933837230308
1893374762575924028
291245767946174329
-3546266296946227882
5590640167162240821
-8806623907272877683
8281569477141754961
-8076032758490291589
-1131501664246666951
-3637217920109749271
5128006414069834542
7631556999595802024
-7865955803449370232
3858209185860600851
7666638790403239692
8436156418271962481
-636988408836604081
8128940106517178428
-5207883322452017124
5558872419713714525
2165948544348680814
-3292521265867837749
4514865951634317795
-7126153000419536737
-7069561483026157399
8156718716226654199
-8878865636331520399
-7872788444873874632
-1766317840774876676
-9050116003784373361
9002774870009782014
4765385473043687518
6819859477777366743
-5489706349089413823
6387766902280519525
-3308929934373280985
8028693280555994166
265553487740896190
4533276168105138740
3040860341369854471
-7397742582535265319
-7440735747015872667
2179868652565229166
8890054865570370248
-4397985609771947994
-4882566631066276089
7946349538971152854
-1633288823008913968
-6283459421378344587
Matrix_2 shares[1]:
-751103147280491079
-3660896793155972239
4992592718900297141
8494545115866018276
8942412039998259158
-4974686249303758221
3476636442707531754
7421679399546320373
2617643539874040617
7769888853437409941
-5613162360914751693
-9092799990219917403
-9072535997871850105
8662066419198430962
-8807168144992173886
7646902005427469880
-4371457319747645099
2948873048487493671
-750714750442060645
-7644404782832870953
9024572952620143681
-2140982404746909938
-1802614960815685111
3479100580470260986
-8512751182105645780
-4570049774998330058
4059850270341043498
7088395549782235852
5428773379776403069
-5251120022179396549
-8637290868328266157
-7910791353382642105
956317958556358571
992007660158407990
8262607561552818589
7617136707196602570
9069575585058205243
1855772702964353609
-9107012516900866509
-4427771130221728346
-3652881965425196456
-7498005052260822884
8780507890005314071
4194610620666491012
-3142434139671490688
7035627133516189738
-5690045244417003372
6634296204789515117
-7183847097475607419
-8810532999597677492
Matrix_3 shares[0]:
6137356358582015082
7379609895551371219
-5712859368359443070
5895347775229616456
4600175066993110916
4221681620635196031
-1302177894525849132
3762558293234604583
-3292564488836451687
-179227450393980907
3477884156267337789
-8063944784185733409
-2173174897713224576
6901921023397100371
1845942053079969191
-2791798305048195936
-685815881017613131
-927770590298810229
442640870252939135
3969756274125497912
4821846678488714321
-8387430215419747946
7415878697532269344
2100436402426748144
9100021657242642746
7116755624562469412
6410980661938746273
2060527088837592991
-4218642164407297165
6917805664814475756
2639657037736346639
-63270341535325772
-2200490072466308850
-1631639088145207178
-82207415749409565
5858731253872499523
5607516754771351831
3479503626804527356
7736719939350872910
-6038701994489444788
5217371677417491795
-3743916745934034009
-8585787829669659677
4487330683570046803
-753724720835258386
119754131906479574
5383021605085631288
-2975365717355185761
7019332211356427079
-5886452412351111204
Matrix_3 shares[1]:
-5978529497127743784
4479791917302534667
6768804593361743076
-8292561804141732839
380279562094987039
3741959193458606415
7761657139257896563
-7820906631263093762
2596468737442399629
-3618388004540890295
-5626592318839200249
5075995562914681621
-4426907863253475076
-2983850050994714128
2758597500311410280
2030909896121730581
8423274775065895550
3153810744863517888
-5599177863373945088
-340567593554615729
456327910920263214
-5097555723894617086
205406320986900997
-3868601790076434850
1402351085368141439
-7436221395877257074
-640430084352363231
952143931455105112
-7862602512069088598
1355241954281873621
-5863598740425824310
-2486433815751518720
-2385531659131952674
-5467614996779950665
7454851884954686692
4184985252883206888
-5054203655950256923
-317807897562295200
2649441275280601598
-7934089658727603922
6088767928807315955
-4201657035111629688
-7512119315902234183
-653119537802842397
-5769122063630288217
2848211269546848521
-2893089881383214710
-671048447751067725
-3660462092145216616
-5478860827195585706
Matrix_4 shares[0]:
7239833638950047868
4057208032126867201
3633261102245804354
5394698848228166159
1303217555253079230
-2887088882080496104
5455698842885707835
-770222309011349186
887582807820722891
3797401330650521196
4811643184500683723
7486647896007966584
3841713707775426503
8473572009112629713
-1957643399475738977
1940621275745455523
-6857019155132683369
7189841207780909087
-3636050484262377791
-5256213712658431903
-4613537783344511927
-676226917487695079
-4451923792635523812
356082680047632058
-4107563507572770771
-1763817827564878047
2313919916407536095
-7790994600731033119
5259674242817074778
-5879643980907942455
7520801533143261456
-2606497513522095875
6767326990270044199
7447598007703656944
-4234512760248454538
9047502866925878254
-6358643428887849109
6092452093621107954
9026095374511301418
-6383438602680686070
-2477052179306116099
-2164928526608434663
-2796028107865791459
7016956321259095467
7012246542140887775
6490020847232327598
-8231621350032028695
5621111675517301176
-5825652365107506135
899704874175758555
Matrix_4 shares[1]:
4199931503591474393
211913871145950058
5817904599212664484
7032291515339602656
-9173494758939462667
-8599055045555253274
-7121635053944317122
-2917719792697494654
444387565019227591
1144937714138624132
5772084194337174050
-263349038803097307
-5971341305621371228
-5827048158376588053
-4026413497631594423
-5719010140912306428
7382375905465383059
-5942456492149663092
-9075458019105231014
8777997283238600351
-731461766570442387
2489411275379461003
-3448024485873631228
9133958958352776268
-6727129003219556194
794468655938905508
5756179323064062688
-6656663647043722764
-8034744961964440293
-2910137621790540154
933318472813565198
-951549792062469776
-5788843364723629068
8959664047084972775
7931053109157382363
-789014940974016944
-2871277177532204302
1407050562100012045
1200776617385811863
-6906310596913702025
6844484375017380071
-4733608963554919246
-6023150831030071808
2076105197255283096
-4289877319650633996
6638326621111583794
8174788556224718492
-8117208179483864190
-8485452668067943008
3731958309861760881
Matrix_5 shares[0]:
3248305461578706881
-7693231476668835277
9134038723461065667
-143292316367568094
292973323159555890
8745350609174168454
-5814489355935541511
1705847094609239404
2800647872505369669
-2090728520217153006
-8860144330495438957
5690645530634468955
9152283854538995834
5788668926452470454
-4606693525697195353
-4186289712246799171
6369106713546677662
2518497154129540583
-5744648203843909392
-8774767286566036920
6011871672616500802
-5546655025454147404
1391962947309718383
3919792938223043673
1727955674369269276
2649552332423771219
-8716196805069235820
-4234216729611405845
366393019893084238
2548905627243103290
1175848599951236202
-4996550222293371844
1633729065879104850
3030559707232600161
-1560669587414925544
2919602008998866871
-7876156219610290302
8701823438935754091
-2344863056356669757
-7913415659829673434
-3428067286961047642
1720807324107244232
9144920994715792483
-254947425044010870
-3466615737314082166
5566286482567764381
-1235353596800978185
7034509462846730641
-4890624217507595635
5327923486119093865
Matrix_5 shares[1]:
3797855419621908112
3473720920127102902
8434051558543234076
9022328129292807069
6474044659724942789
734858516466622480
-942761991064085218
1882144171995457483
-5534019965031401615
2839353197765103240
2513117955261705329
-8338034784897725011
1842380207868475709
6851921632483713873
-4772202760242820941
-7632858426737980506
-2707582161419295371
1926070356896456503
-5390953528856789967
-4655103933485710215
126004533031182226
3932627431344917762
-4363214887801977309
2702179948854036669
8350075736574968791
-802768352248998749
2944545256485501671
-3375859040003050583
3874563395936287378
-3208351571472846983
585625453745368274
-1944480158950168315
-7714198635970385282
5584394813592231449
-5730911302816395581
3889641164179904556
-3403966558676133688
6137987120976459380
-864178823464795893
7093285488079095224
7585219089699387214
-1633905142273273303
52631133649993669
-6041572817423167113
2469108036487153106
7722052888166636590
-7166381127140833888
-3688957073865550870
-9067032864183885974
5483265636488572151
Matrix_6 shares[0]:
3054969157326128363
-6284745224252001109
-5828061283491521040
6892752181659143921
-8584268565769872195
3151528045482426034
-3075936056695173983
8196481567925099085
2487268837685189868
-3520314138259057544
-481612082931198779
-3199180561603893247
-8329456807943907835
7391278510058829080
-8969504595122963609
-4147488543472665330
-7540506140537474960
8370306034458028016
5049035490583763527
1514696915478410241
2006305215778897317
-7200680739785706365
-8446730513523846194
-378888801118682289
-2981364264655845514
-3235079178249653754
1738403666572660000
-1564393310427524469
8688799610621092787
-4945882819538416973
-2919049775690345717
-5794399798777932194
-2183441594539422200
6633290228620364523
-2317943956989276387
1117122836075430068
-6569740160925834687
-6683765988508687532
6298099846163194523
-4347872138669232006
5438753309219461020
-6680940684719392703
6144944196609020015
8971606480037881058
-774381756027200900
4689432615117139696
-3765957139316675497
-3139289228657302188
3114476797788781583
-3737036223936473553
Matrix_6 shares[1]:
2794290208393075099
-9112114241578045325
-439159565795617466
-527085435677496732
-6282517227860692632
2517598056579191842
-1470951670461654117
8484324798448788227
-4175735741770987174
-4806061525119424474
2096811851635462590
8607671607719810140
-4756317033579752166
-801402215574667169
4762604671506250805
9074482253331511782
-6895267282573217695
-1671018100566713780
-133422906139408717
749794859150530420
-864709498111322968
-7647422591341421491
2742111324339086648
2263737968744289723
9033959045243842923
-7268575904703564463
-4438035416332941298
5196411557983456832
2474516311791221014
7299676722781351081
-7689679224644324806
4475691619596673233
7702117355327232760
-4390939878873634992
980424777421944075
2782712753162556347
-2799933675788535399
1353316534306114168
-3868371302977374440
2658140977029986013
3502897210677960884
5107064741059261432
5328269542106336360
811856107559877445
4918192076778950597
3811174339583091462
7329331962486580955
-9157531619599093214
-3583486186212325800
-7189964856073016473
