Matrix cols: 8
Matrix rows: 50
Matrix_0 shares[0]:
8438618473091910640
6159009278908346788
-3059561623503062504
738845026055986408
2249155580545889714
-5560538189137636801
-7875459717165599820
5347537198671118008
6702191817629002038
5613050474131282185
7986269624501406809
-8963933330226875339
595602612127804948
-6635744009861668936
-4329461050973691468
8802826853546623620
4036165908107820520
4283820144025900511
-3798154021952637291
-168012823907988423
7007657202091281093
7121995451614905891
-8995028526959475748
3678996523077278198
-7674866763990191956
1049709089632690104
-1046812293059894259
6216446240405562995
8368811561314287623
-8766984024707060384
-5920542028451406463
6663203772551543051
5487336672204807312
4508291077062925337
1369439774289369212
139299060372548325
4021698320104810223
-347489133728858438
-3599428012984237971
3169235918379522446
-5959444395455940640
1115498288177462597
-8890509869293674921
3317115066884663278
-1673148349267412118
-3371301959870065912
-3705417114129318364
1678279239901301453
-9098305549778453395
4572609158654749782
Matrix_0 shares[1]:
2231064738453552978
-1961632916127979689
7230457218382978226
340734417412671320
1606552865552465994
4416322069339862140
-5844444362128150806
6366522757168810743
7545776643021435815
6775132920935979158
-3249079282940114464
3299314505697208913
-7249779830222263092
-9023270324035662771
3395517775401886211
4449355402103050135
-6511033622744219540
-619302862854822625
1310870263564061049
-7178732820230017527
-6386532459604967388
-2265853528898085485
6554204758854276175
6003780612840589743
-7811244461002725953
-5425364932511328753
8359056245982024322
4992356843034089067
2993881473847270374
-4554926720026863028
-4771219137700093341
3273101592491631599
8786322231160784538
-7946531384167223369
3411355113486793067
-8691077248110051321
-3108509837187595919
-4823021036992200869
-7845864965217766650
1461498655067479928
1172690923692982739
3999361604343062927
1501773867151418445
-2679064021653465945
-8698629082325513238
-8466541564855652722
9129576488430438248
-3494110279022751612
-2638479191868485365
-6423294825165790150
Matrix_1 shares[0]:
-5141522882991447164
-2883608761362160172
-2055310793475573801
-7373618761248771739
-4175298369821645956
-3396175774906434552
-313562749900701026
8614337243236201681
3883896330014497529
-4932341221135845988
-4925159981170837480
3573107240816848342
1929454638094616215
8420508852768736319
7755814140515041909
-4549209682709768828
-8416263387704033355
5406895932393994453
3547986898794807669
2588260050372551988
4339948389042081843
-7666198636076878155
454090279612216679
-5172680437307053734
-1184207807802800141
-3040683661206704133
-7006308590639472867
-7191948798558541750
-5022541295720583370
-2336826183912437317
4793484249168943904
1635579715396772997
5422043528836658180
-5169135422255156831
-6070765700776788026
-2430721103598518765
-7452534365604579401
8852661794393702497
5802334372734313488
6666535735113738333
-5784647902100938192
-1593436388870905043
-3264140801638214429
-330769615248347101
4772221857157393734
-1504976338956469394
-4756926714523127579
692708759546859516
-444627632796927806
-5326891659792614661
Matrix_1 shares[1]:
-4726759193936302383
7994796481738339015
-8691930740008411376
-7923436140806594136
-5380962908136383952
6554437493553544527
-200368705578411267
-7954625575755000013
1090161082656238816
2934924406692361781
6160806341177112847
3277655045996477265
-1817830660952014283
2926752551335543874
8270404898091549123
3189399047009471192
7750264180337676685
-6680799150010583513
5772991880043574389
-6823639203458964278
1823197168710393991
8860203460924020836
5556344850707087516
-8214014376364904709
1145600797592463213
-4246909738623901837
5687280764377357208
-4332765943608440329
8662703931872219705
4855908128680677915
561139371908512260
6486737541884268025
-8526088181875528360
-5198201306352378101
4981489581195465430
-401567767032257032
8209333770012644448
3639630479296358124
-2982814917997522976
5697883273186862608
5308915776277056955
-2766429548935216407
-8086312712595177330
-6113353913853238715
-983949219916837486
799140024961729905
-8842582677399969218
-3187253682380031521
-7312105722354804629
-5141453481506991778
Matrix_2 shares[0]:
2892808043057246948
-5324917231425643345
4904514634183851502
-6945301599820125557
-4941474929120850127
60465199708029273
8441510696771677214
-2906074626570210915
-4891861515841606680
1933622658873277078
2102425399462534682
739122575897318424
-3373243018163978885
651043025226923425
8423145878538786369
-3743953293280174947
-9127822506548013136
253787736980046192
3251155298003885576
5336918109517912150
-4133873420575640464
-701788448515856286
-2854712456470272388
6140637059518483117
2323407167818671245
367243788133732894
9000618767559162461
4683656544352875624
-9138289642625132356
-6476022123074085862
4297122795253609294
-5386710189254391082
1925286981512411775
-961678295857289475
-7257520984908698075
-3305069835188279864
-454735926398539203
3600033549182262611
9119927107701386464
5537811318856277899
7510244816027477505
5425637985384815239
4324381476872848363
-8905921683252867658
4332995062395319326
-3873110258740067941
1154687999385162421
484730926856637903
-7581825430260242660
-1990363753937272286
Matrix_2 shares[1]:
-8821548630904406728
1654604903195183045
-4811733547705778431
-2547943152856820132
3542117897847567110
6623711357554201918
2729913150638107489
2015949852765943189
2633933726105386407
-2007953593427404967
3632564371062209813
9000855886076719326
4252684391194211387
-7362654019089168218
-7409605009091231734
5859734145226415949
3618152433700052691
6851156373660934248
-5816636501293834136
-8090646178794258794
-269706716709385688
-9006456068960198034
-7447833345783019432
3303938738693591498
-977376471839004317
8283444754062246983
-5505204228682111670
1992774655659832180
7158419227575584127
-4474326048757583242
-6039375672109615361
-3699491751716368333
-5739137523495411169
-1716996559222631229
4286279211435247571
2223210374150997806
-4040788945850944978
-5966876861982766640
4632006761575600454
8277160955007258762
3114986464866241977
2701789164374889599
4352740988147597192
4053063377386579156
-6462662388217300926
8442886047851204494
-2309084329107780429
427986300078706595
-7294529846876602308
-3287943625028008779
Matrix_3 shares[0]:
4782606320780854000
-578125914705039130
5975533402419025431
8334899388696873023
-806239376700042453
4818042678280544521
-6929585710974723857
-5903008153423078265
2619766114330501169
-5396427223451057943
1973045213862641099
-6011820639624482775
6813729778513673148
-2569904453120855806
-686470390430111988
-6781055487838418133
-3536519755511331663
5142383714897087573
2826928586990987162
-6939855771073801046
8385183809514712512
-3257436008497599189
425944568625853106
8207514963749753077
6226613538814822192
-8229424207984170656
-8738163922420254727
619813455094506441
7255839235418002952
-4617242569302083885
8409611140960222428
-1926764696559905951
8846891157700544721
-1303865216927020040
-6480877140628318123
-6387391375594425532
-65813338839841328
-1922126634489275774
-7677161745488975456
-3139368332554982215
-3435134989861391747
-9040961077254560369
-1851584809541977381
2511150587319415238
5578123452439214553
-5866395092432816507
1450166952299122866
-360164965115193459
-7638184143042606640
2850342416092477602
Matrix_3 shares[1]:
4439750645868787342
-1383054437590316649
1331404379826843961
-5284566966117279871
-5041164138843873369
4708839156069104723
6605576942880431070
-8036526973834416140
-3379634551262025132
5727829891782181139
1579454961043202411
-5023832660560055687
-5564387135757902047
-1705985092298103967
1563507006351740835
2030930353924609872
-2188650963943331572
3174053672685986125
-3490193894147919302
4113137480224248291
-4674855810316617768
1608441412462700459
-1748025881733998744
1069913124555602186
-8816175839488840878
-852605257491266628
6388138951491267102
7982235777071994205
-2401990403619174630
4094459025137786772
9105422212831239494
3352099680454133930
2262327948239053593
4398835421735760486
745522543879802938
2491838368258018480
-4414809007890914962
-2737932076427256892
2734368592201745775
-6656603512563906938
-5679735820030669310
755450753474109208
-439791316491727863
-8191170170163105700
6307568919860405601
-4925730526218290515
-7470747077250219035
6475630294934859022
-1839959221027747301
-3038025556940120405
Matrix_4 shares[0]:
6019945915467824506
-1012822239257200693
-5900377572009291292
8082697653503424224
5787977125316291378
-8318219248456774950
8560185046627636117
-1802231347728186878
1258681469760542400
7005112749150301180
-164193125877948295
1576685196730170504
-3178235995917863345
8813674841392704448
2259886706332547821
-3533352751069514833
-6098647169947585702
3668599673901017932
2667870718223355226
-5833119813062282670
-8690395232884072011
7804983011427623488
-2228998163224152100
-2572642740165025628
1262823270458633455
903034079175059400
-6076610174678738785
-5080270681155446819
5131964283302162421
-8542064005823880878
9102063090359289739
-1912978162867818882
6106922312420941651
746412456514949171
6662087857640082071
-125634678010436788
-5696300546868044681
-8384371319596989615
-1528794711173949385
-642637807070323137
1843239010311049288
-645774893974958743
-1357758950441709517
-7520676028138666260
3834032678026983030
-1711292019158329222
-6979809471147553632
-4164518251796214587
-1714231764580977136
6592186833519430603
Matrix_4 shares[1]:
-7831342979736371990
5026186813202085696
-7158845108122706428
-8030245021637282490
-4476809437633459371
-2779816241833847123
1960540983857759731
3029088058179748203
-8664022220638897357
1691571194457032506
-5119085672985478344
-6797804940164004095
-5960088305295739228
7905682744090713583
7993122810621658003
-8385147331596109465
5572051678459801542
4412350359818301453
-3082737863039606297
-3940884129380114138
3473796564174531532
2534246967940855866
1173323397568155224
5594868750171481051
9033690154291904416
4126216679024589866
-1101165361350557963
-70184357115553113
-1614886908587238750
-168232820894638737
3863104350091769187
5849631288647337499
-8511709215720180390
-6712175432903039360
1219553644990514678
5432251398848721376
5617383002472316054
-3999985094223782769
637282939643223413
1617689152159158815
-1509420038267937314
-1875661207403320399
1166449562034167616
2123102058940441102
-6151483490570913368
7357939678717118116
7876575328501305240
-6217449757827113815
2642632535533344004
-7420649967085167356
Matrix_5 shares[0]:
-8960379578043385097
-5091878664047957601
-6125744577356032766
-3590193374007066428
-8023017682319230449
4338499096081811442
8245421333217068296
866754131055074889
7709156156638789075
-5122859121239589585
-1454074036155256187
2792753922586893684
-2447123629241830138
70987736140465763
-1658764224813450338
-6216435764061987663
6796542746760602302
3723471217546477530
-2649325089536180123
842526431262120319
2355572398884588662
8137378486007640740
140849577433264431
8674073805337400931
3248453288034206181
-7478524044140499170
-847287085174539447
5954826390654530908
2325245525279683590
7373979641146689423
7086525641724379499
2200989739329002418
-1331573463362811655
-640648122285144882
-6903565382561941535
5954128557009122904
-4302344235232372349
-6700072194040323297
5459936739042993078
-3852271527225085342
-8538599298856046501
-7551995013243035902
2483464605921735136
7880529311574022807
-3260202363666013629
-3455673547811892120
1157476772466232406
4569745605055178125
-2486477143946073987
3660393174120671815
Matrix_5 shares[1]:
8507147372698070435
-7550407317828407302
-8702885017927326221
-2515126599746978700
6506453450853697662
3011128763957936491
-1933201138032686336
1105194469693600361
-3645243951267725253
-5849779129088677359
-7992149859971827987
-1764313153151324147
572719823152980403
4989968406414648620
-9037007174304586764
6274969851886755480
8834033710266351328
-2903455972690218026
-101871806863515464
-1221114055677288313
-1771242129287950874
-1636034222891101250
222124009167311025
-482821922033323171
6298338357560020665
-709644554752241206
-3913449234936518526
5126864509970284412
-2714218119889482955
-8324920202481545564
-2197771456408139414
-3840906863239224504
5630196618705276266
1428003037967163808
6769529948713119510
4538688127334027011
-3057024251239144051
340457600519230145
3456761273651971959
8401869516074457292
-8944885656564318168
4445978468051926908
-7078617356027351739
3713685108641732959
-5769374086576685568
-7709969909862423120
-2783833319761570104
-4028822302021221732
-2827209032405054612
3047991468772300175
Matrix_6 shares[0]:
5108900155520991661
1386342288672680764
5701258548571676494
-1471053875909666168
-6954150778061148728
-4406040550853608805
8519164164718198842
3431995183788245891
-2028954910704546456
8982871200608738487
1934447357614884861
6609914746896524489
-323663448527202670
831707283732443009
-1077142313280291942
-1711780152248870510
-8543696365796910016
-6868055102941461756
-5168029360743256212
5214409422782629390
604012771543083660
3794745794251349533
-7111969419468236539
2904283957812591119
3705015340551369633
7886238060895702021
3213750781883196677
-9073224342686708727
-9196347234252720573
1725961813378081901
1262312944753910589
-1902158126563506276
1143615253398603048
3075024261979766277
-8135595240852231461
5386237780162294175
1709360316819120253
-6107754284041415565
-5457307133916811170
-1780206658433588385
1502560809573991110
4613680154090955376
1653518104215305323
-4521891121010908210
-973092060654917505
7007456040087109446
5610306738092252309
7502253440983475018
6751548972431631364
-1618109513538827379
Matrix_6 shares[1]:
-2317771328182704587
5828401191879168614
2633956732167179252
-4613046100581902485
-6555304988025399284
-3285123648819360341
-8793114893731797677
-7101056931766104016
-565193410906889794
-5762348753411148443
9022732356333073914
151187735844937562
8655731040323918515
6887716044271192110
510327241849038154
-2567833901465435741
1122377990580089983
-3966149368905334038
4919687713666725775
8491713701979927304
-4757608452226313447
2443277845566179595
6761180706325844427
-6598688841949292304
-6752746915094969646
5649330675108710707
8704227111290101543
-4901396712649375403
2464138898785237492
9124992590651992431
-231203806290863111
4446621630019579753
-1752729717716315922
-1772398286686211003
8858128077682500247
3101296665765482162
-8609132028736743527
-2627381032692963351
5710061124549253736
-2477326245561285968
-1009360073844593466
-3321524137159520711
-1971710515242470442
2760935007474421095
225282350621166009
7090364435730451852
-8959418272495842799
1029840702636737622
-4092703039270067582
-1236003069454073923
Matrix_7 shares[0]:
-3713221386412524061
-929235179012951937
-8090681686215346618
-4265413835053740755
700252319773962554
3488556004790185874
-5524302475925377447
8003637965276901719
-6036719536549664412
5674644443590017715
-1157327082423747563
-7210808330726395417
5668920434774647970
4530952203101275036
261548408058022646
1818252504490942169
5081907125049954120
554096053425970953
2156873992647701304
6229477331299588968
-3025286898845675020
-6114214946477302343
3875465649223966454
-38309222974867329
4553376047799195006
-7311854447735781553
9046492160347874484
-8666703643773418433
-8523123440712572732
-8376854768315112200
-6906695279900585810
2461881357974366373
1701350770543898383
5885569142487497615
-3654766147111893498
356558822899006358
1185261876283232894
7030158730912229414
-7931612648330426852
-1722010370541277672
4477048590161022385
-5428234424875052312
8639040902056015371
4838182895002635873
5378389364127372418
6698000206545540797
2546135184722671436
6118708779923906521
2044113351491627501
3163015310374496374
Matrix_7 shares[1]:
1810187781985095336
-1929899890769450559
-5653354706689515340
2902965728177348127
9038408180800494055
-6704833763058701848
-6971867876979878221
7615169653124011545
7314144785549630712
-3806167711566638908
5124586914728334724
4993896046957635867
-5090523205819489922
-3616253675098404975
-5952755808086683112
-5272927495614523636
-7546780945700391409
-5474872430547154954
-2453044703635956568
1192658249415678303
-3339476191598845630
4229205900883052235
-27666551030226458
7293373298139829534
-3340547064019875520
61829055123950700
-8633257905795470289
8854844341897026241
4191438887455220506
2993959970282138077
-8946977849554941113
-8168183156443125494
-7201561121366461977
6459304516647041545
8801823500732428386
-6541485323807790221
3789543875826320175
2327564637547760278
790305699837998705
5433579775133360906
1352338479863401658
818654673513444458
-1147101084081605680
-8076125297782015375
-6410547814410921958
-3507843407006404767
-6606573754684024569
3651724889309401145
-4908508867740503411
-3775345579164451120
