Matrix cols: 3
Matrix rows: 40
Matrix_0 shares[0]:
-8186527822170047496
1047200011599243917
739347234042512337
3754534817997928317
2133273154884189949
5782896171336303054
8292148609285786247
-1229980595070586255
-2765807616212033003
7936296764484747703
5405939718550763305
1338404228499992996
6123897712840798749
-465621903932564746
-2890324904656689102
730788275482020035
464245469630315481
-3206589444795986921
3784662357684229814
1926136368158586274
6057566182397447540
-3329027166685850070
-7197546353666002136
-7807085559632266023
1522496171176878361
-6766949916619973840
-2556610468795145149
-9007885099592862622
6028186572821946840
-2235492624907009917
-3593070030651883968
3046074224376691063
8088634360185347058
2041259989924742798
-2501870412984635683
876395048133872371
-6146546673678731644
4247867189859529111
-4271133363301436459
-3009176022946796846
Matrix_0 shares[1]:
1346951827778144603
-342701676920539763
-5387711886538154862
-3104859949951804264
-6153483242818161116
2994232805803378320
-5024213488973154858
6334447227764794359
-2935955551966774927
-371187351625849177
4332348171082869390
-6437818557992510677
1658336936206675688
7824505982250093122
-2116292594429534295
3112033684449570828
-477151740409221797
-5175870887462808206
-6668091894281667546
6415874284132931146
-864834050565355979
6401061993103535040
-1838655378804713599
6105063914656524324
-1190698571900527222
-3609056177144920430
9133427835715134530
7581230208737739798
-5944586454503247403
7679675848149948110
-4110177011885315591
-468389455905497557
1973762993956305906
5498702602257718543
5373328552524037474
3416778009908730213
304185694439270863
879215528526989571
7840775132663899867
3648034851607630698
Matrix_1 shares[0]:
7417780075551864235
-6767193048382033884
-7898092005786412894
-3156783210085123284
7134423742010147922
-2918308335101340176
-6062319760557418891
3693815398917257890
1316626430680898868
-3493810062869285174
8975450463316658273
-2718770372378897580
-2772552997368373494
2076138154189696262
-7734791862272536721
-6980315873296422466
8384456104692475317
-1230274932373794510
6552534519659072324
-8789375144839765740
-1273028271980622837
-4616526335262639043
-2417114919864458319
2325009876863433186
-3210841362747917240
-6480677093715975884
-8658319159478038336
8689497001268018207
8112187436940846924
-7931114683142282540
-8477583478545900383
-6023002446290964819
6157256984084917099
143505346933950972
-7584399880988325244
3834586279187499690
-3019979098130515607
567641141799095575
-8046541933360423301
8977021851019775598
Matrix_1 shares[1]:
4918454443818261435
-4247349021777420877
73219767023876343
3408103988910575807
-6128553193137235041
6027848681544026852
-6289733167397760918
-4605199666651573768
6137189565033450157
4447358226907058038
-6268973039946919650
8694863554840509728
4502941490109161824
-4305599888950995187
-526106555105054847
8140320552956392675
-2349800305907833761
-6248748983176055046
6340329408972891659
-5407115064238407635
-4828415527988766586
3768956670966486316
-5154435277073973171
-6028788834115498454
-3796743621300003203
-7617934170620685984
846117845812968645
-6680263057001386367
-4363179193664509957
6191280679383961189
7363305265439859175
-1199845797459709694
2721055131716062146
-3703698113627370402
99016569913617954
4995159313017106229
6203852339216072918
-2027308695576989731
-2873756782799154426
-6910479341866447984
Matrix_2 shares[0]:
-7342739142035360728
7765878103757817028
3525304248793219661
2039474318948570764
-4712257023245407131
3128882003100621444
5602290777172546016
-7599002916237991789
8873705483519276027
4777590753980847372
6144727499695976575
-67967099907036344
-2229400393680498018
-6767351789220737834
-1312795754974046155
-1370839751196649096
-5044346835466378329
3330394879423768913
7289827603932040827
-4181283191587950694
-2795474599184452265
5454684515823658065
3891566702793213660
-8534979612338618922
-2569086453816460888
-6008785551701156086
-5197328310936966557
760731920567442432
8392582277991508982
-4747450294096580305
4088939741473918896
4455788229117330987
-6510541343921429353
-4773551084995617271
-6826671804115961440
-3683757085039006792
3749619889692799208
866159736094894483
-5830941764816687980
7154375262643293159
Matrix_2 shares[1]:
591520753329794504
-6026010106123537671
1415527615256912099
-2138793609291113993
9010633494709581314
-6059956159465282367
396122123347431011
-7739476371204186902
-5510028561871143236
-5983714571837562969
1329150899024516830
-9067556362994646688
3095798952927668833
-8409243437910738172
5645451124324567318
-9145753496916957383
-6643511736901342351
4674256129580920765
453857542155484374
-6724395540193990825
6885925239097364016
-9105069246740195111
2005086045582758575
9135996861975271017
4317562624480586820
-2282673295487614027
8238763101267798257
-818398802156446210
7893006451632610422
-7803703470058191462
6621432577825376602
-2043820457175519519
-7407448209550195337
-5094896003973229539
-6312743672328340143
3296495033315992314
5543252939451256521
6671218352096608695
-5214300640069619996
-8593791020343442092
