Matrix cols: 7
Matrix rows: 50
Matrix_0 shares[0]:
1987107331877458738
-7450815376799329228
1059748907460487754
-8504576490360453423
-6260434573537346838
-3336553986156089995
258958558247316827
6234171182070272086
816118730954421343
7950187492627788667
-7078990168013540754
-268808951594932486
-301279789865522360
7335952595427300329
8412974108036926355
-7468678705029027399
2533869906489489645
-7094528325330878060
7944198099679591429
-3537086608620073499
-6721196412372118284
771460656906237313
2341129773409940353
7557336365203042924
-8043153117217796583
-1348431308205505641
4619083139940881000
-3259514883514622370
3390712153138261266
-111802895217775038
-4996515267053292467
-7905231053049164741
-7435318257592692624
6841881741068752915
5609820521556579084
2088875629832414670
-1878373058345352062
-5682061905877870092
-6170321824141019714
4066160170484386122
-6520162788339125386
-9171397697952285184
-8100996138279920209
-36908311072147546
-8635712895073817284
-3012975325354298578
4154275527036909383
-3478255628465869661
-3525190044710853600
-8765849955629312916
Matrix_0 shares[1]:
3903021982395028440
1047911175401673418
2399499019731729471
8333126146139765982
2675852890926217316
4283339876702583205
-2900551195276561547
1033383464804240318
7021388373432052044
-1808720405219968767
-8887252970771116723
-3929408185582988398
2027588550503479138
-6327088087187528575
-6973177955030620163
1455720353902921863
-5372622043177841828
-1776813842221471522
8663585325782100853
7317906100251500566
5153860427032844405
-2004369559715680423
-735845890185156373
-4886710320353231404
3892902763592714676
8452743685611598355
7698722936339235731
-8167068205387214609
-3337589115176647304
1141617752549891905
-3501121798891648975
2442751478051744141
4558291106382461635
-4059929582945899646
3926317198296882976
-6174820263975392323
2447483803774057364
-3421997567459950189
-1434822694440848449
-1878355748161293465
-4650554464930583568
4839018398945018427
1510320719852995841
1962858248868254259
-7536767874519152661
3035718939965261096
-6069656076324194327
-7208401009452367815
5793851188794159467
5131585387878023039
Matrix_1 shares[0]:
-8817705381519740775
-6080882907159492549
-372200043042640865
4624631163131674297
-92788979485597016
8407939942570395190
-4157052904194343935
-3267421107780999824
-9090728771527801982
-8396850941424576851
-8589183915300908806
-3399432823594451493
8595790015291831603
-5226905710113492416
873469015203540261
-2203794853006706081
4711140207334716686
-1706894158638750524
-125275199357114534
5755428203499555371
7647245606487889681
-5550746967967085413
-1127997898481417109
8830491945472519697
-6532365181298718729
-3691558261103874656
9015387518330067580
1036156259814665833
-4749611096459086533
4949477330418991215
7498266296406698065
-6012941978854627037
8780340245097391821
-7610068779610238956
7270040150655019666
-1032924126430879614
6301336884913025910
2029233904726413081
-6996720969482371212
-1457450294866362083
5477975231014316367
-8316865360049657320
2338353680808562129
-3160921451146748411
3956020640619165245
-1327106652449715605
2182782849683122001
7281431752530450304
1952755553413581027
-8846767227606319409
Matrix_1 shares[1]:
-4444658018682306823
-8897046758808710241
-5056054418343984801
6125716100758234253
-4650775207046884606
8236801689747795881
383426074335965331
8404294741366794203
-6902426542329691700
-661394629039344288
-61816217579356265
-5758237579057161812
-7768180145152141094
-3853108930927079766
5892389719869555539
-7512951601421847868
-2919055715597904420
-4898139676442669070
-4771059614709657973
-3803940786232502350
6043003437951576983
-1991866456592147333
-7522488314534557739
6063479886584633105
-1136403816568124410
1062583634258307178
-1819925832407504043
-9154835736466561249
8337438591523713887
-4245216922293213923
411966988084202866
-3595199818536690365
2386149349689149837
3330170629010705937
5256051585844162105
-1176142350046985511
1032486910720795375
-2085055845047341374
1364592429382815825
6986114313966524761
-1727352625521691638
5264683287324489972
-3831600186296020642
-89297787104942745
7114189156001313337
4031543640818471432
-7701247010770153387
-1629096495404933361
8427034428063489345
1470250104070266131
Matrix_2 shares[0]:
-4509444295126191457
-6847842026879583167
-6107736127264337638
-4248074078968568730
-5506800261002032841
1607497656564121933
-5342142660407624303
4070568713588677291
7179323217063169339
215852084738991839
4827842092945897486
-1072133176292105357
-2026960805357968826
-3048049719466495229
-2085558980423258035
6415455718609108965
6946813331949656673
-558913691623416188
7235166677736990488
6725844255627602843
-2926467959890248976
-2080699218226931626
-3988492277662334345
1748351936479379180
-1398950577426681864
-4991751399569183259
-7319907129500283483
-3989978609449645787
4091563773415686274
-4908310209401766276
-1843536121722751457
979687286320800100
2211496036043576652
8107966864959379603
-2815589705938820006
-9043886009128588590
-2442649708852774565
7242109995279284294
5454768321162394720
-4620123724262438879
576128242771094353
6449109957099393556
6734418069228531997
-3936535619838961246
6417224032499789246
-7898429156718552060
1132698759773494826
441305118760035232
8246065250359301671
-7262388531718025395
Matrix_2 shares[1]:
-3650152870528676606
-5610421251246910342
-2041285517543071523
3427111859772818241
-5734552416722956010
-3908503781087272896
1258172725144656128
-1981706622450981810
5524584661041954893
3800592355629493461
1788324583028204291
8432606699617965330
-7427623681149067942
-5074076218335949073
-5241260966347077046
1403952574869221785
1406656620620034784
5288491232214991692
-2315947869240520550
1194910206770713975
8713861039102887544
6557834237164765865
6777153900280926247
3209539827772125052
3628786874044029980
-2861978109550925945
2178790456660018489
-8614398003496469108
4467725531743203239
2423872315493331148
7450502354745427784
-4559970423777791603
1778696691443741634
8448021631201022956
-8027477490842056733
1764746757875292081
1968289517534256209
8357112564631152517
-3488904207464108789
-6066519521066541171
4116546504289298315
1201696105541705484
-2334926592868523471
-235638497212084044
-8092737423876983308
-7485761741578541447
-2231147749379016892
-4383232183309055062
-5941657853122680634
-5429610032521366831
Matrix_3 shares[0]:
-6686542683218837144
7252737499177032424
-5357902187531095072
-5523215502847324505
-3089233734025677291
4301611993947510665
692592610032024662
-6985053875801428478
4110424225396446913
5964564457527027793
-822377508277577150
8137906545139875540
-8055276988703962992
2971802085457333504
-5292037013710201888
8387870237621906187
-3501480613566380971
-4522571286153326400
-212541392978556955
1089153529865634652
-3072827194962621458
2567539798736814425
-7935114108947873579
-5315557177254496580
6643708926096775498
1146180481697471703
6642979787710785226
5521038837803797379
-3967010679969920839
-1895071782780131178
-8249898659893391820
-3005064393314503048
3868716467346217297
-7542920640268295210
989061444350331572
4745385239109362626
2633312784605701910
-2273866277032688496
-8419071093416997536
-6707481810600127517
3454904766335136049
5822400271747050647
-5379449910768962398
4030690371776767543
1047032378494140280
6588665440198213396
1898705234540162839
1134036129303100142
-8618230641504917698
-9061966826005075598
Matrix_3 shares[1]:
-4014363692922081652
-7400163840426577447
5569659243475418730
-6134441389128349994
-4355044920291597879
-4285017476938462880
-3565359406672641572
8107546405666956263
881213783475835610
1323474277136181186
-3722918596013217799
-268020296399078288
58786612086777105
2663741019164763971
8022969916786450781
2765079570739717292
4647253231166399534
5474658957350241279
-7552208013930546148
7362202382644604344
-4253505317384539014
8971519731890698135
7840439102220188675
5373698788726435454
603306276733765069
-5653901124680265153
3201051516240770112
3026001151779351687
-4510714699212074900
2796924364540649719
-5052273200607711936
3750315396596022002
-2976032895971736081
8196163941919108804
-5518835419268567435
-2758469322400465696
3865342330513554627
-6562196193049241263
-977189775411930747
-6954906736964202805
2554174050468067294
-8270959713606006988
6947019525462120951
-2893804561107446501
-2694812359339916336
-70647344599468511
-6100652877162960491
5949866352906479831
4851794897208644323
-3958982247419931062
Matrix_4 shares[0]:
-4531569921230095666
6656329406244080791
-2019418583332695816
-3362423421981810043
-3248423123710458576
-5048396509472980431
-8038734935804650518
-5458597279740564133
-1995715253206166948
1633875248588860310
-6537396140528340880
-386862609113823220
5866882747673921718
-7878095012585345196
-6777306202296793231
-5992749927418994993
-4296771360458688187
3619011497067303972
1612720710171525584
1220345995055066888
6859137305839457052
-7164740521424575750
-7560731376924551519
-4755083497579674333
-1251722371446659313
-2917650090297663122
3436994005566705674
1931476417131502961
728715593628115468
4975268958266393550
-6202415720986683694
8130840229297300420
7679077914781840832
-4439420099249015414
8724764359427348311
7774277818691546016
4709211857771960914
-7403672853024018811
-5723279196837859169
7639647133759773316
4575248855434354198
-7348739732860395383
3146313139601258673
2976206594825143521
7635607850007171222
1987529198207898042
5615837777505576575
4770337890439679340
4614470370586025656
-8646413560465547137
Matrix_4 shares[1]:
3000396696551524926
-4120813866018928289
-3570060615234824209
-5482025955563602235
3650691395075526300
1580670136167153382
-3096660899070825025
8177549448240145624
2045428429032152059
-1297953718793588532
3583629966690858827
646185878227285126
-2871585188143627837
8328851422303633638
-4705451021830827989
-4282642819547802055
-1702322507646901872
-7163491508302340666
-8876614954892246210
1525006363900496258
8232556501536560877
-5757831267560877751
-8874612983026364643
1792123606468692117
-3776848597977036010
3332833014964535212
-4788509212384487299
7302645591246026848
8171892217580529117
4055646381266092207
3291951700375672787
-7445447946090059518
-2786306861026290190
-1059799669159850840
1414207327589401044
3899436869405943899
259015678262541438
7868145060136950009
5470972502264626381
2145939836289238136
7434667965449913006
465090350820185342
3910710202417759577
8232967110041275829
9068072542633440687
8303742416827603768
-7693397065801006969
4052138701530552047
-8854594689694413716
4548849500671238394
Matrix_5 shares[0]:
-1502857424789723977
8867702961838604710
5850037052400139645
2235964880319730645
-4413790554280603400
-768798736210897025
8735631970156755374
-5373195794361113435
4140402546700879427
2597629437085579895
-2355532070109341393
-8376770090842327164
-8748610083105487838
-1393014525310129066
7398177885643251129
1247449382093941709
-1465760004180139719
7509325359762111986
-8743678781987006728
-6384626622035380240
6890802296841917639
1381521392352896265
-3428896952129422789
-8782492740260906663
-1477104578298876033
6667497937760985836
-3653710280312262909
-1926096268930355207
5590286954756344365
471052234934516977
-9016467052118647637
3410117886264596932
-4592997591390428715
3234093986796047308
-6121406888748973213
-4239239319385801711
3935784570293835217
-3396458510408287262
-6815702346471934748
-2799336464004036312
1148917724715667564
-2203524126391976017
-4317921178624666852
-8244023511276257759
-2830077299044974744
-4106615605292560001
-1889687155930385273
4666883481060281601
6858538187773116244
-8660608058461975830
Matrix_5 shares[1]:
8226169303337810137
6232454883803535458
7232362591876106980
-8793863739672492596
-5240063338544461777
-2766808033682062373
915078766962828735
8303786151547818697
8123302978176525738
-4273781579614807617
-2718725531869480032
-2061562207225284775
7131169171591615469
5461310349969729696
1505880124638428051
-5271460089004730698
-8289004007046805908
1768066594808450870
608592822852122409
-4169428126500401834
-211002044908707016
7297234463188204952
6194519895750493703
900025261827721823
7521756010509378337
4496246083332649036
2812441890612207001
-4416556819397309233
-65952483450585915
-7902511160210566369
6242580050800334690
5345579582273606517
3182975396589563286
-2372071981825249402
-3601445631369913230
-7786453030576843386
-5309826511793157027
-1787632887865553145
5742091104378443473
2475801179270129375
1166436112676962919
7179003004722040870
-5953249332819488368
-6889559255195548926
6976347370922947140
-8649504454122560793
8424934223674708409
585159032856600714
5362640665161552610
-1770192541852664311
Matrix_6 shares[0]:
-4301509002419913419
5787672147448020740
-1455332285458310343
4244412043178783310
1525766329832164002
-6117690632277557175
9076946943914099220
-7173015701034873490
-3522154123628005089
8512649960550777737
-6980478417625628140
-8343812615143050823
-6129730757829721193
-2407413093074764154
667068786598403968
-5963419915121766561
7809896326554247734
4730276439257009403
-222578141569760798
-165093087605775382
-5136733473201650287
-1377121932094505400
-7718128568731423704
-6669811402649335813
5486931787238691723
6350829212126872141
-101941793892138663
-583198569882739556
5154920049704377304
603985443149974025
-4756890046014038791
8333939313931840665
8708959771230277932
-6388934829990322199
-2119639956751864491
-8822065321543682942
3363986673507087592
-5068681893613234870
6722005600899314006
5245550760953449741
8926231540274349941
-1055516851233332473
5448907047028393338
-1142698856035091391
-7574461756022403609
5520325360528821959
4663297961907886141
1688821616395194232
-6040741632108123402
6812945225372175730
Matrix_6 shares[1]:
-4047485232185308054
8088563157987459364
-2033362577042025761
3301373410912552145
-1458544279388323125
-5271904557471955961
-3742390648276598149
-316596497853771434
-6700781700833155493
-110228597758888537
3616143286243945173
-1240692662054815136
-4913513270192092544
-7308762509199049549
-2717201785331950073
7340230776941133591
7428434607470116925
13675486226835383
6923415929203656009
-8705044151018849325
-4500990502888717520
6498037993433768064
619845907735893111
-2496020117300862317
-4968423214366983745
6964833196068495985
5774674384122471364
6214456594190865949
7097700703054911782
8845792010448118554
110828691146190024
-8801548868855239910
-9005747053961765077
8145154017906477652
5171296442505802191
2603954829427045283
-955206803775408181
968654455656914071
-9193103604324884064
5305215326453470363
-8644236402916419579
953132415789186919
-2855821229015472949
6110379079866465441
-1564577337600389777
-4885315067510271378
2840339041247815747
-8644948682896898945
7756149482799713780
365747287319659590
