Matrix cols: 7
Matrix rows: 50
Matrix_0 shares[0]:
1127204509262141196
7055240167437218931
-6473827620275354563
4159720380879554460
-6475825774775867381
2528850815223220391
-9141943361757004516
1930176193408797073
275072498638664748
5940476430963609717
9176581061463705015
810369569593721281
1796997284484129190
-6333546699631203429
5489527864455507592
7473176744720380164
3070738729987676257
7572860700502504042
-8979293551843747208
-3989362803921910109
-4505904762576270497
-4014125570866143891
4443625035325435749
4454135282125135792
7050213918955169498
3502693263647201874
6817304284209696723
3639051900073091771
1168272117333008219
-4012120728695818690
6127653997418147174
-7522263603979534133
-6334978370320063075
-7539112835552529637
-2387977402350418995
-2908208849861177006
8333051271270900588
-1908725591290106976
1874413713066600006
-4550867766201489025
6416882228007912077
-3072828121364357078
-6829417793100482595
-8451439256661942906
-3116480492346624303
4574175327051082413
-4563359568840238155
-5177194462661314651
8852462216905583392
-3493111973037634225
Matrix_0 shares[1]:
3590865114887708581
-3301623333302239776
5675411714474568026
-3442978478135360014
2622841941945916126
5503973614082686150
1312169162786595384
4776747494171530911
-5953640107605815597
-9104306453166298640
7644523123519075777
5999617095656755214
862197066686330820
7739752227341031091
-2796289695689166801
7656044036446277193
5968183577912770557
-7498301824605260903
-2290186085174112445
9005335858804035987
7286548841284536837
2471338777100989984
1847598327120279359
-6171670188766892513
6404071460079815550
-4539794999043994008
-2639341577583311209
7660961467411101658
5211487728193714667
4060139190546530589
3660672365471045410
-736321767213742307
7380133451381048161
7523526234186406370
-2891545499601717821
-7184059851711424855
8681553952916208768
4799752423246509216
5716502828326545546
3737298450403086746
-1034353504561785766
-5892131035263380777
5407151065898710132
8753818837222286148
-7468304305421101017
-325716549880367893
-2222258427367324273
1564341292848360719
-6752475469000406575
-7375693929322188125
Matrix_1 shares[0]:
-1530584741986435973
-6329056290387508227
1929443475088223979
-230698619382924551
-2186145229684239194
-7957564016988478309
-4089523719914154024
-7869243212902811473
-5007426335044109851
-8318011855538626214
4500976117167111298
3236431243935485903
4534633755851035961
3250513554736673999
1066938844135280282
3398303792744284026
-3562630041991781451
7829529437158948222
2337456783637502975
-4094846768173774892
1303412839670237005
7660056357400727436
7519372217502438249
5038537758791603878
9065246393774649323
8817433728307536198
1507602372458868029
1819340096484113761
-6843433712717100409
5192319600655979207
-765398316535086836
-4653598185888040432
2352918061749282945
7437450375892711538
829616432020187061
9120110246005921023
-8885696192652430327
1749971692238114470
4870202017688655803
-7573451422754154237
-9046857247732976655
1139659047243873471
7090132026898519780
-6391136920788026427
8995921464839480606
4981356231216181541
4392945475491769557
-1555185892748742487
-1178365517940690680
6057493193752519990
Matrix_1 shares[1]:
-909465218082662796
2204055356470521839
-2755147128706801151
4302103754879067684
6735868588396491582
-444171559413969390
-6048474244915550768
1930110005801457535
-3435287282088263797
-5481198512348097301
-3176313598193243998
-2294976250155787262
-188186077396163166
3337215094743994453
-7088458776646634953
5563521390508371451
-6694618827143332755
1018023686292967207
7948211616952519958
-7059670746531414855
-2572222538470350519
4114126929965361471
816401607699033064
2471226279471529309
-7724524007121978200
3065220390558194356
5949763784764428328
-4083763727288579481
2505467032840503421
-7366750335302660242
8973068175626073667
1530793767037501470
-985394123456915499
8225387977919240282
-2141603529077913508
-2605323947948127651
-1089948327884231746
-6257182836250723975
-3157874602995622819
-7563411450659312207
5249365844092860532
-7871424530381043235
-8369045035272232859
-3593721550777262888
-1691170479214465000
-5688761211552864308
5830047129103331799
7351778143576954658
-599485648309104135
1074984774751364109
Matrix_2 shares[0]:
646028408717820083
4085121015449530825
-2998485246580222218
232290081960784806
3952758124783439070
2467181562812458370
-2114180878665780593
4397768152657945705
-5972871253128808429
-421437604541931447
4431272345020169350
3630940261722805740
-8095683234793102250
-738580861908525125
-6873235078359052937
218319361610428467
-4439460604853946599
-3617295931094904430
6184654487751214211
3883098922095396445
-4782137195386337539
-6311373656069212556
-2435020183370666287
4325719111914468767
4813439311763629569
-8571467574518243908
1720824674616843146
7636513122621361012
2523562970987184420
6669388673162115590
8714335762702853251
8911646721239141994
-8536715096349254960
-8874192567122257449
-4301075724550355737
-9200882538644795530
-8418422558855579231
-2314598997894286126
-6110347047207644004
4247090405166623408
3979005317357116094
2767500045416504347
-6734667019584799720
1446986648705543840
4030546490361953275
3265553029886016467
6183651871953906188
2824577864414202713
4436554360480119998
4788774646968637021
Matrix_2 shares[1]:
1611432490268460397
5217139659297588810
1963697868718207061
2800211359009149911
8591576516568693485
6417629966178150185
1833687966479148035
857047412965893293
-5398676326594089104
-2532982365141911936
-5677219492654769250
-8940647811349262277
-5196018740420713629
-6245554150590030913
750609601601566949
-6802625895332565213
109265650693006160
-585952398422604696
1684999558480926472
8211648525135093911
-1854016616123151054
-5954586571375629538
5608584617534673847
-3879679272984671959
-5231315084442574662
-381641956596612364
8082618139839214139
-4071011508335474895
7261528873320726113
-1838777572722458733
-1651497626747519091
-7023797000749168853
-4282289398173754340
-3200565174826203849
-7046264323553239854
-2128682120503541738
-8231036164970998225
4153021773830997182
-3641528354102490178
-1535771074921500316
-171594346201909088
6586003133738589122
7683735185162283074
3027904248140594791
8446012963143617892
5568132209468325604
-7483572100102035728
-8213240378423605574
6469943781081082442
-6508040932720107199
Matrix_3 shares[0]:
-1866542607631854025
7308684948155444933
-7807763041557628261
-6245435845830376774
4421386155794297064
8882355094851498949
-6564884144246038383
-3908284141385387221
4973634041615084357
-5521054029038424759
-5981406791047030765
-1701563043571961137
-8122818640363881743
-4772388448310889964
6530465093060486491
-2284685191410365148
2862979782395150515
6795392407938941273
-4469442789748856751
-4794222149307644606
1161016813129521038
-6788881347961797777
-429226069595343783
4878050013227850275
540556577899485126
-1585532801532446988
8543063070315964105
-393373892802176416
-263377811761788408
3112133752932635664
4043054342306433073
-2679347138080217664
-5359529773295286144
-1076626138237032083
8149874132225205058
-8654054458017504515
1185709513742752475
-6979765877693409622
864714929989752729
-1343291254534284373
7118745730441220762
7203440610172184321
-2654691538881607255
-7983074381145591081
4956889371802135183
-6149399830676462583
-3461368715492141736
7128857331217269109
-1593568481693328207
-5329805585649731747
Matrix_3 shares[1]:
-1760873315846176197
2646612815875488727
-4050126639723424068
6280236854332412609
-4803064677322038636
657108704236318912
257000724021401533
8809533709568179502
-8677677774157780949
-8451721627234968471
-6566060960974345174
-7557986656077269767
728901932603816046
6553982018495728846
6021319641396303753
8613014077349660250
6147929764038471880
-1087738856695133039
-1696770972700639170
7742668714007220637
2407274449814165822
8576418318998354631
4002095220971697243
7919738069860633977
6409505226497392672
-680171804847713916
-1673298093471492597
-6951844819567598435
-5552618716342121772
3417857653552078945
-3178457832782146230
5540761547081154848
3130567878618680228
9186845816665900272
267370857396158967
460737386680287417
-1690944376992129564
6055915735683108282
2907170412324695868
-420044229586861239
-9002824816292695255
-4217677970200637702
376286709121424286
-8969319538017682664
4098258474117481368
-5111797703121690195
829922088652502695
-4149638534295336873
3734432802773044089
-8807535505045749270
Matrix_4 shares[0]:
-5142317348509698377
1682274806603066537
737355662933230087
7149948030233999229
8005483572976038521
5887841921938942082
2621805015579377095
-6790496422664348654
2768206109586374100
3121841424053644124
8224099367285953645
-8774495267444183118
-6398661588943511138
-859857836912680814
8269796923334587580
-3267785782315611371
-5908245027083868587
-8763250274899151902
-3772476606979275582
-5607133009330015217
-3873280051217720346
-7003337661634251012
-6038863455074000765
1283036655760667274
-4547034365487073950
-5584901201706767378
-5875218745984955879
8645731110065163020
-8044550633106372214
-7760248870226820202
-3903857510175940342
-4706149772083338486
-3317470912877831234
-2920161250601047016
1414674669740455850
-6847364929374294124
-4823072055443429484
2687709967011877054
-1435660843762477478
6123106356713872753
-402797997760732888
6494596657082074103
7220341561533311775
5174599251634577268
8337376473906070478
3065364985256771177
-8904505308012427457
4002044184912707629
820071544928209148
6319755718901562797
Matrix_4 shares[1]:
-274969812235315417
-5877222740575523509
1723829924062179034
-5333025345920794618
601007104335939240
-5705175558291908423
2554675731427383067
4189941823885911741
-7629543529392663855
7855872397330541523
-5133520569190250576
-4293989434925502137
5984085333778459815
1535118515667503259
-8977897548462750001
-1541421079949432279
-5440084423222326442
-6466268851624296554
1132346448849767485
-7629113273282046425
-4579911079502150144
-6269037048002171214
-5364985836299028750
-7458936399955671989
260744967892907598
4554116648080403700
-280458857587568124
7114060392032987406
-1570415496018278857
-5181099414335111708
4311939640792022770
8925961163520281613
-8423075904724842400
-556080174767551618
-3829208318937140286
-6336966169402249250
-735220444241175126
8774554177467713014
-4289040314869255464
-4041469759797800323
2522508560783121048
1659229369180825032
-6225202502587478474
317083117355894314
8917258680010372923
3850620058852691457
3314839091889195525
2595714776369846963
-1611699227174578949
-7900367588907723578
Matrix_5 shares[0]:
4861615318201570853
-761449330170898666
3361888941903297534
-9152065496154774679
-4939983397233134381
-6719606614835133883
-8178533932128513683
-7318078720718135407
7228064339920573153
6227737929098299005
-7954996956673278790
1741211961236280091
-336480532265901413
4312324350856125044
6813724461984472370
-7797557675718667944
7749672409452856675
-7943493740559180406
-484682968642597377
2594576502646521932
7029278130650490933
5409393810663558973
-1084150686423795765
-4725716391312878726
4594444200900383603
48443169974341158
9020317095884528951
-3033070671623468539
1301426742302481594
1179124580710402142
5889306352572864655
-2392220571725349149
4371478820167666243
-2963634931300908305
-5722850667953406456
1143521356573736561
2245621759271107224
8017563998984333604
-4363705947785331485
-2403543084189176698
-8020282035838924768
-6743423827818038150
8667427256660754224
-929922741344141649
1035383921032341741
6159343172214956079
-8802964368655696398
1575786119895016065
4772526982931174081
7795922475419344904
Matrix_5 shares[1]:
-7972390008863371029
1830574198903419290
5662091254860924505
-3761351045072064562
5892962886839334403
1063163030984396493
-4721144098822079238
214399878658607256
1212968329806066617
726657689758166236
8032194270130652625
312148070557886997
2077130526307040268
-2554580284022210268
-6373485098241916505
-4536850097559114848
7145765282936086654
5085501621101156545
-4496294131286998159
3670093551258579568
1211882143871123553
5618257560094361671
2806840546349091354
8082775652163372770
-5283591301866057943
-4083756306317734595
-879239334313581886
-1134386172340868805
1407686816871296732
9036195837001136767
-6305282106801420314
-1677657562794374810
-8075499818948168164
9197198386411779771
-4547686118478107085
-396210962261804677
-6592787078221543669
-8009738827603607295
-279379030287489643
-4282975339702782658
964973330976370008
-86996940925295191
3866618187559332842
2605123907524498529
-3913108602686194392
8638841165997321034
-4223051147119980265
4965168443083081677
6738471091768597693
687612363854256854
Matrix_6 shares[0]:
3429476008066727874
6553143384916315241
-490639473801293927
-5615583885794713072
-8685329648816108174
4175869016501380919
-3419423401249724716
1074427610960540830
6599626908067030896
4287411825806853239
196767011068429305
4797127702625987883
-6145827839438763728
8377718557965260776
9143246103917353909
-525264021310238595
-4008814324985547556
-8718453817884624826
-4942933898776481973
5957616827043207063
-7602270998702535181
-3529014987973831437
7435940217078282742
-459092855287496531
-8505093054958342086
910043440618655714
8912161861289140094
-4688694935502354523
4101852573152339363
7785047178982334993
-5718014120389520915
3051016057254809426
-9070249730778387187
-6596724219081488704
-985262396555738820
1107851594647642509
1433999783567339018
952862171121196209
-8904378890371063387
-1414565052970240640
-5355268672669382844
-3717630260397273180
848376694496199945
5068913897061432852
285308165094729118
7412503766090018160
-5627849293337538154
-3996110217710908117
4368470053142656250
-1338033159390828391
Matrix_6 shares[1]:
-7081005127944004482
2768814995038033997
-2268341756657834244
-7145123381544791856
-7322042891686356159
-2374494427716779635
-2666842255476787345
-1207852708355964190
-4156630217261532680
6738638029757454276
537264530123275348
8250512190643934559
-2192057050890688503
-6525848238577581387
5204609178529557640
5280056340733426644
-6579871018727391400
-6807336346438503814
4290846566911835751
1299862207147199929
-2560700114305664655
427199731251715666
288474314974205459
1360709546424104299
7464328557265343168
2972187956888892667
-748651066807570967
516139846255402347
7032192383984647638
-46028502643473973
-496848556536417872
6804511609162287767
3269477410145899271
-8007188106025491984
-1265029845872124243
3783881854734309182
-4960315022170366873
6003840251762753572
3032895144752142974
3317073454604177387
-34900616958601261
-7588713894790228312
-4061793255871113522
6269676762447852627
-153920388009922136
7661927211692300656
-6318324505678162704
3758871215056682721
-5364544055608454705
8738475518464959146
