Matrix cols: 3
Matrix rows: 40
Matrix_0 shares[0]:
5739935950098416107
-3776947335104188798
-2662356204767827174
5744760768098638323
-8847528577062995571
-6067072445937575730
6125668808902651068
7148665726307019827
-2002122084721980304
-2916674988124129906
-5768357480788017481
4484965532307821209
7451331348382268553
-4038874163745790499
8003450800121323758
4351773052113238610
-5359511397039333852
3528664111510287354
2036822641420058184
5330766929693914646
7849110342357523329
1953147297605056802
4177747263868922874
3293690713428000643
8116877404632243324
561595248123011611
-402886801851386986
-2198311142035142357
5234482636103649766
-5734766965088908218
-152331490352894569
7124925722990018672
8186047907835366795
1606941322150809812
8463167902112690485
6990515503477101349
6893212180489202222
6010216610417635566
4906768975880219808
5687386248694319177
Matrix_0 shares[1]:
-6561205195760383865
-3623680097638514776
862032917613411346
8231360499243753430
290015579541640815
-1478689368179881013
1364399840015461781
8196262826944104865
-1371397776607255372
-6081441827408753982
5683287849842995105
-1124337522740869004
-6191310260626118050
1775857195368975712
4708369957884639198
-7593293905020052470
-4685368686679144607
7497422956252601197
371291522668813562
2142276134001711510
3735379017471070600
3761258703284868929
7919594254263459947
-6182463025943527941
-5394096667435658502
2240392250499572199
-7588322102667176629
1516002977980699303
-630621699697607847
5960062643857898641
1895941918364735842
1734590557944767493
-5880578615596976987
-1463382441303839839
3025053257464386064
4039933888987550711
-2171999911233855228
-801441915711231601
9128637845969540691
3013994621616537984
Matrix_1 shares[0]:
5385020533538962270
5221024283606960520
1360054437914692
1975025399336514359
3771761219832680710
-6454886186054520494
-4689811149313021462
-4655821663896778951
-390862585184871387
-5684551209115330850
-1913700024362806378
-5977821835761844942
6131826789650505876
-3240686123156290856
-2381457679488668893
7647268560311702271
-8744563979531053678
-3202496063662025955
2125485161384525552
-8545402962300684220
-4599874147055137175
3939126676574272764
-3549527223454867318
-6803205246394206959
4523971830326651749
4854133776752351205
2153205352612568643
-757919636504560172
2673434155811736213
2997566492782485895
4705592575526770723
-7118460535081251795
3313341081182967951
-6136403114563416253
-7576428409744074323
6600693828696496603
701702046017541089
-6450414757992936936
8044582222088709490
5445538997929050203
Matrix_1 shares[1]:
-6312008670834783213
8359466744486116978
-587972480848084155
5610207008017311709
-8791652225351681060
-7973463904908637295
4038129596685670447
-446809478276538115
-1578603172477771941
-3186313896791513180
-926965319042398827
-396531173228473586
7179596904770509287
-6708167337940995268
8487256227228542415
-3126910122969360266
1795907840572054801
1334978958067612353
4419870059569088664
4010548737062974627
-7624425640670024956
1356960760911054496
3845170060933930662
-3706726175952441391
8200479752364337911
-3171581406114343068
-5020609727222062789
490253748432084660
2780479132246582382
-5076049857313219501
8382108188889082649
6114978154452636538
-5676456272803140990
7624215421493083838
8989025182072726523
-3800346718795743143
-2963882406672170959
9018026850548855933
-649903679720441159
1980633268899343104
Matrix_2 shares[0]:
7986840323564723274
478191185494633813
-4434672490717725927
-1181597174056321080
7047262378616056536
1782957051298295943
-388235388573364342
-2839768112504157440
3046791720322294031
3911839984095822904
-4671445797253803346
-2176858748772713947
4948644371542186777
-5729832922239645060
7124862745501334648
4991154591331668744
2094715929956670809
8381153742398050656
-47972163086732108
-6928569362373816779
-936661405358868379
2962031327376888185
-4518058120833408321
3854425229562520933
-4471921452975503302
2904979591543223489
-4327841399595876962
-5160668896622872397
-8332239530655466829
1000867584977904583
-614594992893833505
2038083450534063008
939175639175665512
-1153949644597375776
2189091460772693339
684874105379516072
1165534809996064178
-7075335285033338022
1149354648791113021
-6184083518838181212
Matrix_2 shares[1]:
5242117945958170583
6634148248821639601
198725282119451556
-90051784432765063
-4646504477978757210
-2300519830535823668
5618928186987342399
7962869332420083124
-7302913483548421310
-516402309038670350
-56290774166536756
301023147664280508
6031764042333977579
-6732296500937914995
1979800968443035266
-4697745929003686387
3032569540259009152
9019541435138696586
-4511641148474560168
-891722717809499313
-239861456182343045
8872816358887982496
2931208659689955157
-5911363287434706441
8137553538823698256
7908823554004255799
-3158341719963703293
5961518276342531438
6801912031679285039
7533068157727400843
-913401006963189074
-1625167256405240004
-4454686931939272743
7474952320421776858
3638927364434920056
-8757676296548973274
4808287474291849635
-8811913611971946292
-5054023185049607109
8181148494330273133
