Matrix cols: 7
Matrix rows: 50
Matrix_0 shares[0]:
2382331546685225053
2904551090723745438
-2388255651165793800
-1934757326386333200
-153495415019315888
-5879724039072808561
3029537479664610008
-255273258329027358
-1029743819344826886
-2171048239636499474
7956526491863837210
2163425644003955576
8655906351121826981
6398360996517323164
383920374729740128
-2257086382336241192
-3854204622831761489
-2804528594579657524
8547200439863091765
8545836777267696705
-4899023574626433742
-7886555939836274499
-3177843124080982365
-4680787038392088251
2874342357717565886
8661849162559131932
1437802043484275754
-2901010288368206025
7494617583093080500
-4267480652768647371
-6339202616615433921
3417631040234058427
-5633105784145289594
8823084774943059067
-8186721304124826549
6361894143473352150
-1426164683931533810
7087038753971407899
1468402253948789224
-2701569298749786707
596626247325136202
-6769158357852540671
-7412240780562790802
-8638869298649013729
-1834444505020438969
6259149644752517
-7986269501666939556
7627357657261081248
4017385399753438573
-4394634518854410346
Matrix_0 shares[1]:
991026680422712368
8242233784362797483
-4035214835194505912
-6310931234368384775
-8326516207200264616
5034533951661512161
-8354662454681199661
98128642175215559
1440865123755903421
-8872437561256331937
159407720819106630
-4305623826153253856
8417672055646712473
-562910651073821410
-573651682436217684
-346467956432637597
-5890536209791864788
-3672442278975204107
-4156812858023559277
-8050961927202296033
-1274589529304838558
-8219763596285020244
-948259287823957432
5291311594718500630
-5689289757743741470
-5693325342084029734
8446031464931759089
5160353085752344100
6975251765216020027
-7036458816853644946
-5658723324592771853
-7105019319372623176
-7729636871914764916
5558234915794199787
-4358542669798551399
-1056164800840110702
-2939996976503197356
1569552752269708369
8717497194282191105
6766089815981640767
8977112100225007610
7931144666557429206
5310354537409761384
-1491688977083086706
-6886050950065113184
-5511044002313247127
-7077718058115103367
5467461598159440785
-1366946634486450783
1267585157903067515
Matrix_1 shares[0]:
2196440380914626112
635544844391433653
5272894938069715212
8943634675053880315
-846131555968741730
-506212295372656578
-664567814527440298
-918779257149876080
8112624692137247973
6346133851824303015
5481838118693570247
-4386459994678804033
-6022198986294694646
8671764857882588200
-8988166600175348108
8648092351678886417
-6093769105353266742
5191055524833776559
8557852728171380755
3026194932861554607
-8048038556288576185
8834479778494226552
3734734647023152308
-9030314546140660346
-86602735844622411
-4250401683028621104
5116168013723290056
8114016619507224774
702704698485130842
8071591309164840895
5608377133725609794
-6438201877190420869
-6401372406782688937
1983127458800508653
-5489170955364195174
2384107831192695459
-2117286665562080207
4334759631989112698
8828078730461264441
8485658583115791785
-6692364698015161689
302517129756396956
-4523510148340317722
3761622620682183042
-4129471221634406050
7098380890565827666
-4773298957660316852
-5799288387867302293
-5095616683524984542
-4610412569756724535
Matrix_1 shares[1]:
5291837396665756369
296261635494725144
7952075821556303831
719992798355872929
5492594715200246399
5065492436921976895
2988966582542186822
1817278742151228911
6519509152972123450
-4060104616766205124
-9010593093001940539
6616880678900905209
6823794322582962689
-3258346613433301235
8522483901317342265
-7583810758558606618
-6372702177506045705
-8188081512712297352
7615919003672224334
3670291875703009447
2767885266578729667
-479771997439396322
-352286412434305913
1164131864629216810
2053629217801582457
-4956895119076999944
5740321715145070436
-5722467837210831124
-4438542192021795942
8348272031101283800
5413305401294514886
610013398891296071
7607885445941543685
860383021115906786
-1311668614067961466
6945837425546141207
-5613064555606643747
8910065017155536713
5650656374744615875
-1579538657888637997
-7876257408210170655
6093369354838442788
-3116273958725271476
2274917052832472900
8481715050390822530
8398799797530603228
-8806244640470217216
5044894569369539087
2782019553501158175
959344620767524317
Matrix_2 shares[0]:
5607782350638104956
2030249695872810487
972272330325628009
5898049420650695323
-2071353284355575228
-4108605348490461813
-5809331055534616279
-2802735355477964336
-7406508658822959884
4046014617717756213
-6540038780868650168
-8713567393915656258
4991520377449125585
-8233573363533190359
3853660244398885260
6513511449631318196
-8504790969608089536
8498229928786604292
2610861913269445822
-4148832034299861478
-2282064182448662413
8759673193552914806
-2717538818380793079
5644756422181290754
7225039681111057863
-1690236478059378452
8361917369927988224
8892064868546712612
4450716895584695907
5232464266202553490
-6829701877242535244
-6456610144014818917
-7606193380235148882
-7978840416403068725
4847870736065655475
-7736330197558688686
-3132615426654739273
-6748669943405820168
1104794861043726670
4849458023296830145
8101037497907913054
-3837694779119580821
969028367380082190
6750163261663323527
2121391186197025211
5304606457933708757
7030023723005082424
-6219279870962268957
-333513168444684171
192784053611436501
Matrix_2 shares[1]:
-8883473821745892161
-2314091949993184252
6808154628648352968
-435361625853415253
7092369609981424535
-8391818535598036717
-3077047272287932353
4747394583768610835
5442551832204119724
1939026510910858779
-6877146298839473059
3100923265875076739
-8042570498193979528
-7348497310421055839
7740312688056578797
5483273923716436679
7946098640984556541
-184404119951939697
-7155323332300091450
-6524367802497295301
6090872629332789832
-256050680569314610
-1450204975780288530
-5255915931909160987
-4982603609126764954
-6071725561700830473
-3679318258987440182
-1047446993913806226
5056697972135989966
-652593280416741303
-4149478399026111785
9155642282273711621
-5746045096210795825
8756584640362586169
-7459263518713717787
-3346969102163961627
4473774066153177596
-9057166692980700094
-9046701915247649741
-8167986022034086022
3293021111419900587
-1965138028125804684
2962378713380619736
7196642593744848244
7925014598986290547
-8811779839970524008
-2438136067996745274
8226368206463681900
8224824657039830931
6871163026972440610
Matrix_3 shares[0]:
6132540134715020818
3512390673994958021
2271583852459333264
-6792342391165424378
6717733243597102675
-4593191145200568017
3624050567287876472
1371289794979846778
5211183704184937035
-6768715249089332225
-1146438495650325216
6061894509654837413
-2879870143028228316
-2520429833016352960
6580709479849924969
-303980886276227375
3181818031918999384
-5167412921234819756
-670964299811033783
5765073710495774826
4903835753974207826
9220359417161035325
-5415230893117726040
3359374814229548205
740547830723610848
-4208712405190409844
-4266693225278997067
-6338121643862830991
9043733116255158241
3909611932819940317
-6612191450522468961
-5561881171445772359
-1227826731910966790
-4713731133354093191
-3627956156237006769
-7996288393567416531
8312419898862285980
-8080662163640201452
-3249407079881498791
-3730249169840613419
5022066735107776087
4610148698989659622
-3123928988009262358
642551128166003489
6844561429521962291
9102881633256203828
275460215685485164
-7986463975645986405
-6420341719081481790
-9030681831549885020
Matrix_3 shares[1]:
8164608791857116933
-5575289883492321149
-7773309805531291886
-7012614225386837789
6324387840037432639
-5993046336293784877
-2978038042483124099
-6083827668001788331
5359081049145418408
-5977505283159125924
1025167896378059669
-5947810678398085178
4382258881771203148
-264381708244538979
-2726912696591911090
5836068305022256415
-2682239930974375596
-4779331788412505733
-8481692905031540758
-4917177685357505804
-8807917276154030740
-7154383088624575651
4907293626230199870
8947329349456349959
-2687115406602864187
-8194635728037935876
1822336738304480008
2278928059139649976
7927248283343197741
-4026963663103095844
2601714528508553020
8667282871123362554
-7269626124766447417
5274938633630279707
-4490699645895559557
1334668898458848667
-8963400066205657454
2860075142935612617
-1482671877752806414
-7770317530449332915
8709107949251134238
-2916291517307920502
-4632508414488642505
-7233798974552624245
-6996304405145486161
5986522012790284706
-8226313045444636035
-2344601782725166933
-7433188324813116167
-4423699994600946848
Matrix_4 shares[0]:
5223951263420015419
8522072033184760918
3214925993630489207
-2404917645813028653
973760395860486476
5663648505625504173
6967899268200000223
-738652589815404501
-3843161868327911017
2022530221624479455
-190368114256612250
-1936325369853750465
-8910707393119420499
666801674589558024
5770931651914812337
-620713673973143197
-8611073765998986279
-7472315822802885197
-1971443502196638398
7905346722594113269
-5348806500216187760
-3116231761100193209
-2365030511033969976
3536931955062878055
2207119371648693072
-3530126140560277525
-1266403756920120728
1967407238800861950
-7390435122378422182
-3699620244730046591
-315037319407900916
-6451756662092357538
5717826343588760627
4659951137727642919
1742530075663768514
-2979521029518118788
7168341827549778442
-5790972053372625982
-4585875937212965970
-895626097663396796
-6961341203743770653
-1273510594411064
-3702730475666775310
-8387814653143598813
-51511766868309413
6430626152255367665
-3315597047282348735
-8531593970877891679
-7236372308298647130
-3792913921286871818
Matrix_4 shares[1]:
7208455568058436682
9209495924008645325
-52360480825480288
6535708225203720844
4663749776930188
-3392891251775451928
2413333663959312673
3087095480984290982
4942594437569557490
2908344624914888353
-5069879639269006078
6375967708739065417
-7946389374423339345
200828584702314158
-8373558172852102415
4713192154226826302
5191618203349142270
-3848634924932886175
-4214329042675645351
4559063210890554824
-4045196791133053479
-1284740363028055367
751905006926471974
7810276552834890181
-8906439325073301699
8657299355505729035
-5020302590456181654
4016455472873908449
5459918594433082709
1545947016517318424
-5713996540044123003
-7939088135288532752
1201213505896934439
7020997421814939455
-3969871518843654526
-3048603258253848008
3501767953163729271
-8382823437289544600
50822509496647989
-901232896068786163
8593405917522774403
3567252583343921424
-6912670359283161038
-6087053692199402796
4938288845761355965
-7455404706981659186
4218727847873356693
-8777538707138394695
-116386360792802626
-4276224462176833992
Matrix_5 shares[0]:
298284406369212065
1984245487744827849
-354759592390223273
-2595627915813356121
-5589221927574989699
1534528102952953672
-1151030752630520400
7957791367530173395
-3265577048914584281
1671071387162115007
7707391013614216488
3047793588330199859
-4747019387297947105
1839156143319228874
-8387293636867575890
-7018046370491852486
5775250387984194444
-8936194630665132228
-4106008954580411878
6130730180453120973
8592862319516006198
3236249628038964931
-7227597585266758956
-3941013086440006775
5386027022088656289
1707491929612004529
4287598000647703791
-5936446772307978751
219422932361431743
-777154015041537603
1096177015513256573
7648217558018170343
-2193884410329038293
-2204607454276755136
5403129254840785144
-5742385369597626086
-5095198005725868434
4007604432734108238
-5643602994789653381
2965876333125339411
8022390017104753634
-6331417069920607748
-4197008949035899178
1459787724053514157
8874036284638669215
-7834195960697850377
9027694710498875254
-6218685312914964547
-6894370085307088802
3537632784030079
Matrix_5 shares[1]:
-997383468623133771
-1816160757177843975
1163151437620026373
5928593230959422177
8051521009741491187
-7300838735156641055
-5824095014144438672
-4253372933572034451
-7664948715452118733
-111648971347607540
7350221721393826663
-5499792927879338534
448758082802729919
-6094210676543037830
-2386389964501013599
-5090309691966963804
-330842557739209731
-434901275838777226
-2933104808523066576
5223881366112789459
8211167403780763750
1035130293173061412
1529301717003855079
6787417316370356878
-4736473452445756292
415326751218714409
1212213180188109600
7412057699108063682
-5340321466178619929
267443532421841915
4245025174544116627
7475552739781533367
-5913165964649184627
-2009628161639593559
-4465569095617673844
-5790489394183668808
1460655042692055438
1907776519900941359
-7813148202605781110
-3257934206559245515
7733332187780837189
-1315437202422672841
-1637463690958601527
-736483244762092430
6836859866837655671
8252264403408474638
-8992464806624513794
6450353547366553699
2233824821223237780
5941616699009336983
Matrix_6 shares[0]:
-7285647863359518887
3504568123516637829
-8375763512201979845
-5869527334799115762
776999893450637584
-8276252777096315096
-852802837383029107
1738555235446812669
8211628059587978982
2064214327337408781
2738781932399990640
-4323138971011067746
5590997505780957361
6888049907935262875
-1094609640213658891
-1283167866084892621
7491745625702946314
-1810899556456263692
6091916893531793931
5083734889570689391
4548933595036343018
-5773617199205155425
174792282856157892
-5083757390073713251
-6945402921583689331
-7225027486057677870
-8535994927616867982
6207557888461525688
-6156643420271314644
-2746202411966396334
9022810200102151858
-2054199994069120091
8274116923369465904
-8203867668014734626
-5527479261874848058
393486816540333523
-2293297352894045766
-1904985733778071831
7254187658382372513
-8147643963469268064
-9204717701352490547
6147356138762329386
6665616248577509907
-5554676206615173639
1928832436778795584
-8202826936479561392
7686571781724626302
4476827280885463363
5208836702612048438
-4533148496966263004
Matrix_6 shares[1]:
4056471673090252709
-8757960395291126354
8609358469082742253
4932286360627202138
4214922515874840856
6817558019345435894
2114901382208618858
3047221115705455785
-4807782426397201984
4983957407050200675
858486034115274277
-1427820093329611045
2832796981151020956
-1032797788798381390
3240256842126958459
8304863335128160935
-3501653769541803675
-8558444798938829490
-4541300038377492097
-3047039335819437717
-8544933277954801698
-6918459920515358029
8142166461866935456
9056455472137604709
6755839047189444921
1986824225251051559
6524361088738258870
-9168632185599291635
1938988669909392204
-7588939917221088807
-8179184090786063166
-3125688011829871179
7578374541093390827
6323499568304311157
7469669740422951038
-5008603701317135467
2642174444364615652
-7678299545079032808
-3707132870103648756
381260693414497008
-7550551998613201782
-8802306568183663050
-673968414092775674
698794202532126687
103616319156716132
8622163705191141238
-8093184156529004305
5107372709093780696
4678817685262754256
5498033675933332015
