Matrix cols: 3
Matrix rows: 40
Matrix_0 shares[0]:
7474413669322594513
7643553376519287933
6142250223614360174
7112786946336094782
-69890746242382255
5426567419975178489
1879855526903704087
-5183847867038317707
4248670004241301808
8781949781910191713
-2187047717681879714
4130800074291866421
-1621283072967177154
-2607416817703968595
-1044140512337723246
-907895813018493888
4990654456642361076
1845877352649806265
-6944307745727223648
-1234016888096488878
3295366023799551624
8930087672585806465
-6956583986955852073
-1938381500899826078
-6581708410002353498
400360554498310296
-4328210240951322442
-6012550089959704173
1290726570470090907
3452520211413856524
-4296909653811291182
-6420100672820621737
3606136637923537886
582233779291720850
4482092164485321986
5841799378300299337
1682147639158908644
4597936633983253764
-3998037502176467750
-7724582905795343666
Matrix_0 shares[1]:
2468119845321683188
-4219523132837231126
2063408611541298065
8315957471343099889
324973498538292864
2516137019895112048
1240288180009621927
5789808588194511352
-1223670281029443841
-3052591258513779224
6326130277150516717
7504012844736935411
-2126532671679541993
-1189234377229102302
-6798332011786139529
7906453836219190970
-1440193481584673168
5275971433460557137
3982301511399107767
-2257961865364722705
5792433546890280375
-6160111126500755326
-8551307214287049595
6574271850639206387
-8115555443961015914
-6702510360664117539
-5192328184350130891
4688067178496365790
-1197886033416096912
3424093363586234168
-4757395998922391325
-273704355390226201
-47133058060105337
9001317495157392985
-8823741407487696221
3109977520837303272
2365377634986003061
-3394001674290580913
-3987317518137603308
3543651027938504024
Matrix_1 shares[0]:
-9221361788866439345
-8108692793851105536
4951717411754031652
4215089900509953465
1544627427153037103
-1472025664685116473
339504096351886435
-8824344770886764016
-4174804723983789367
-8781997048288424653
-7199067379047837831
-3366175448575063581
34963613708750340
-8988653244127642827
2243794332435940755
-4444456782633148324
-5996715035629928712
3683744104174917919
-7108804907028042982
5926152169995303391
3671629575023256589
4292956245423641895
8481769137686749039
7465617778425731293
6448331124671982142
5888476083603738927
-3707849530636141936
2840737924868236588
-4670774813353085933
-3579234494992590563
-5706909603629082701
1530037765158689522
-2648991224738533203
6526346851358504394
-6221050885023259588
-416130795144430728
-7166106662402865696
-2936458083063189459
7095817350731578385
5170355603422911392
Matrix_1 shares[1]:
-1332690551417413422
-380048720237046096
-1113238778802473481
-798509345690064602
4645519791909333283
8665579415772091595
-3974307669262026885
3304608820090352633
-2729424301867830950
1825401086947271534
1862301448174825351
-2432119072395272214
2211005334830302422
-3494038090683696912
3684863631696466372
8648706654351659475
-7889600158246531074
-1399617817731701573
4082627036902056725
864238099000447560
2184749172719728929
5279586555042232357
-7941374641203209273
5889390500880481277
-1096944730621764027
6509379154178306895
7167635180860112495
8329922705724091474
-3420026154080360487
8479125494593372391
8001795746010882219
-7940566576638671455
6553215017980006177
3995104279425195208
-3775312559381576450
-2918651306998080556
-2964242494852007549
5293974126311261154
3128982154564288845
3192763337525816434
Matrix_2 shares[0]:
-8328197477654640426
6366019986001134852
-9202062327581270072
-59427904591337202
-230995771699602689
5621763666646584899
7912977937400573132
7676534470434162689
5945342176960348665
7328933612687733611
6118684411688197462
-1692730882654549956
6284613993829933188
5228152615094120839
-1607461203704932744
7067782278969625106
2306627964332696056
661035155083562027
4188749519914910386
-438060083558452407
5823425773050178138
-5233883018316489107
6582556800961585711
3093298387275481135
-8538243182552899276
1778342240966982513
6921091093416842790
-4545370359227621779
-1925800340491602554
789328074623750335
2734285812653550418
-8640282581688897495
-9195348447739672675
1899937533300222840
-5445699017496415477
-965260426183235799
4599129868365347140
92447187529095479
6947872731508664487
4730767022523587496
Matrix_2 shares[1]:
1015215726126748016
-6682476958571618300
8873638346782549843
-149584422368099072
8463010341066421720
7089938329074317500
-5566608342897867143
1529442780133715366
9044731524693946664
-4180577983997957295
-6612429983734500802
-1299759757367801295
3332535611652494269
2382551872402784574
8789522957990104895
-2437654217481133647
2938996430529308770
-3426064615559803302
4036212037695457234
2621393224772043616
-1562612264155185296
-2572593070968557877
-6927772682925863435
6135800655766132049
-1574481902563285375
508000339409692895
5309033258699553351
-6273232943989988919
8676319375930989881
676022479875819244
7687973189456516146
6072551457569342895
6911312286765625518
-5290367181571933710
6920767293107122636
-555722645055508088
9209425164311893688
4718550476369537119
-9063773266192258121
6283978302831339619
