Matrix cols: 3
Matrix rows: 40
Matrix_0 shares[0]:
8504210559065273915
-3424030243682056806
-8205658835155658239
3017999656030356946
-255082752295910609
-7942704439870290537
-3120143706913326013
-605960721156193645
-3024999723211857967
-5729358523396412489
-4139082559468637003
6811931154680749785
3747815744646719148
3796651194933070897
7842472524123862775
-6998558023200697082
-3550460975057687907
-7121848786110363401
2962006234328115881
3491978753461211583
-9087799570689831998
-2769976546085051139
-2938852872466649947
-4635890349739380309
-3749480219746182203
6302149806165807244
-8926205648408098282
1324482911463338384
-92840537053993994
-6876613575000090691
9054305652733682508
6693805028210847939
-3559003579863432549
8863192799260437782
4341649243002374235
-8951776899137602608
-4047525274144911705
-1203934959692672851
7985355020314071058
4180931877856839643
Matrix_0 shares[1]:
7474413669322594513
7643553376519287933
6142250223614360174
7112786946336094782
-69890746242382255
5426567419975178489
1879855526903704087
-5183847867038317707
4248670004241301808
8781949781910191713
-2187047717681879714
4130800074291866421
-1621283072967177154
-2607416817703968595
-1044140512337723246
-907895813018493888
4990654456642361076
1845877352649806265
-6944307745727223648
-1234016888096488878
3295366023799551624
8930087672585806465
-6956583986955852073
-1938381500899826078
-6581708410002353498
400360554498310296
-4328210240951322442
-6012550089959704173
1290726570470090907
3452520211413856524
-4296909653811291182
-6420100672820621737
3606136637923537886
582233779291720850
4482092164485321986
5841799378300299337
1682147639158908644
4597936633983253764
-3998037502176467750
-7724582905795343666
Matrix_1 shares[0]:
-7892691733425698841
8488741514088151638
-3838478632951558165
-3416580554819888855
-6190147219062370383
-7193553751086975116
3634803572910140455
5519735950796411387
6904229025851620322
6956595961341153122
5336765930873012481
5798294520970335802
-2245968948539052759
-5964052738898211868
-5928657964132407122
-4204249871718511147
-4560428879833091820
-2284126286443216344
3026177870125986264
-6790390268995750944
-5856378747742985515
8874201273243677366
-540394496483539759
5091735794403339056
-5351386394050218109
6048888835927505796
-3459785650223970555
7276083443117223564
8090800967433446428
-4899890999600781827
-2294886142381799509
6410528811479981938
-3904223793241472972
7925292942925852015
-8450380629304715570
3334782102142511293
-8316394916454678370
-2357516043248071685
8221944568413684395
-8363118940948727822
Matrix_1 shares[1]:
-9221361788866439345
-8108692793851105536
4951717411754031652
4215089900509953465
1544627427153037103
-1472025664685116473
339504096351886435
-8824344770886764016
-4174804723983789367
-8781997048288424653
-7199067379047837831
-3366175448575063581
34963613708750340
-8988653244127642827
2243794332435940755
-4444456782633148324
-5996715035629928712
3683744104174917919
-7108804907028042982
5926152169995303391
3671629575023256589
4292956245423641895
8481769137686749039
7465617778425731293
6448331124671982142
5888476083603738927
-3707849530636141936
2840737924868236588
-4670774813353085933
-3579234494992590563
-5706909603629082701
1530037765158689522
-2648991224738533203
6526346851358504394
-6221050885023259588
-416130795144430728
-7166106662402865696
-2936458083063189459
7095817350731578385
5170355603422911392
Matrix_2 shares[0]:
7312981751527892466
316456972570483511
328423980798720272
209012326959436329
-8232014569366818991
5735042077988649274
-2346369594502705941
-9205977250567878010
3456670372055256336
-3148355628689776265
493745572046303378
2992490640022351294
8829594468227124209
-7610704487496905360
-7182061754285172102
-4630128061488491428
-5245624394862004761
2765029460476241327
-8224961557610367561
-2183333141213591157
-4260813508894992792
7806476089285047027
345215881964277759
9217645030667938467
-8334018988593366910
-2286342580376675350
6216619721593155519
-7628140770491940865
-6750519035439387277
-1465350554499569519
8024485071599485103
2567731124119554640
2284036160974047204
3390429648271710907
-1475068275610707108
1520983071238743933
4638189041032310835
-4810997663898632547
2115900534683593700
7431998748354624558
Matrix_2 shares[1]:
-8328197477654640426
6366019986001134852
-9202062327581270072
-59427904591337202
-230995771699602689
5621763666646584899
7912977937400573132
7676534470434162689
5945342176960348665
7328933612687733611
6118684411688197462
-1692730882654549956
6284613993829933188
5228152615094120839
-1607461203704932744
7067782278969625106
2306627964332696056
661035155083562027
4188749519914910386
-438060083558452407
5823425773050178138
-5233883018316489107
6582556800961585711
3093298387275481135
-8538243182552899276
1778342240966982513
6921091093416842790
-4545370359227621779
-1925800340491602554
789328074623750335
2734285812653550418
-8640282581688897495
-9195348447739672675
1899937533300222840
-5445699017496415477
-965260426183235799
4599129868365347140
92447187529095479
6947872731508664487
4730767022523587496
