Matrix cols: 7
Matrix rows: 50
Matrix_0 shares[0]:
-5890129314272487178
6402904201397655810
-3459247927192217224
171450344220687441
3584581682611129522
-946785890546493210
2641592637029244720
-7267554646874512404
-7837507104386473387
-6141467087407819900
-2480500934924894139
4198217137177920884
-1726308760637956778
-1008864508239771754
-1439796153006306192
6012958351126105536
2838752136688352183
8871342167552349582
1838960648247859334
-3780819491631427067
1567335985339273879
1232908902809443110
-1605283883224783980
-2670626044849811519
4150250353625081907
-7104312377406092714
6128937997429434885
-7020160984807714636
-53123037961613962
-1029814857332116866
8497637065944941442
5462479574997420600
2877027151210230989
-2781952158122853269
8910606353856089556
4085944634142977654
-569110745428705302
9104059473337820281
7605144518581868164
-2187804422323092657
-7276026820439842662
4332379299007266757
6590675418426924368
-1925949937796106713
-2274263304116581671
-22743614610962518
1915380549287284944
-7760087435791314140
-2268661144083305867
3634264567751289877
Matrix_0 shares[1]:
1987107331877458738
-7450815376799329228
1059748907460487754
-8504576490360453423
-6260434573537346838
-3336553986156089995
258958558247316827
6234171182070272086
816118730954421343
7950187492627788667
-7078990168013540754
-268808951594932486
-301279789865522360
7335952595427300329
8412974108036926355
-7468678705029027399
2533869906489489645
-7094528325330878060
7944198099679591429
-3537086608620073499
-6721196412372118284
771460656906237313
2341129773409940353
7557336365203042924
-8043153117217796583
-1348431308205505641
4619083139940881000
-3259514883514622370
3390712153138261266
-111802895217775038
-4996515267053292467
-7905231053049164741
-7435318257592692624
6841881741068752915
5609820521556579084
2088875629832414670
-1878373058345352062
-5682061905877870092
-6170321824141019714
4066160170484386122
-6520162788339125386
-9171397697952285184
-8100996138279920209
-36908311072147546
-8635712895073817284
-3012975325354298578
4154275527036909383
-3478255628465869661
-3525190044710853600
-8765849955629312916
Matrix_1 shares[0]:
-5184380673507504018
-3468814407741348826
5428254461386625668
7696396809819643070
4743564186532481622
1802002441391360545
3773626829858378604
-5136873633585794370
-2453588759852057930
9058245570463921139
8651000132880265071
9157670402651613305
-827609870139690509
9080014641040572183
-6765858735073095790
-8729997619280997663
-1792084491736812266
6605033835081419596
4896334814066772507
-1951487417267053021
4756495029270084952
7542613424559232746
8650486213015974848
3552772241652398823
7668768997866843139
2628974626845567478
-7195461685922563536
8118679476651895418
-3587827495064627354
-704260408125777284
-7910233284490900929
-8838602276318234214
7280254478923009968
4279898150599533025
5920652337210369845
2209066476477865129
-7333823795633821285
55821940320928293
5632128540099555388
-5528664019100162678
-3750622605492624729
3052182072725167358
1493246505487458514
3250219238251691156
7376534277089073035
-2704436988368755827
5518464161087031386
-5652335257125516943
8066954092232481244
7376517123536053278
Matrix_1 shares[1]:
-8817705381519740775
-6080882907159492549
-372200043042640865
4624631163131674297
-92788979485597016
8407939942570395190
-4157052904194343935
-3267421107780999824
-9090728771527801982
-8396850941424576851
-8589183915300908806
-3399432823594451493
8595790015291831603
-5226905710113492416
873469015203540261
-2203794853006706081
4711140207334716686
-1706894158638750524
-125275199357114534
5755428203499555371
7647245606487889681
-5550746967967085413
-1127997898481417109
8830491945472519697
-6532365181298718729
-3691558261103874656
9015387518330067580
1036156259814665833
-4749611096459086533
4949477330418991215
7498266296406698065
-6012941978854627037
8780340245097391821
-7610068779610238956
7270040150655019666
-1032924126430879614
6301336884913025910
2029233904726413081
-6996720969482371212
-1457450294866362083
5477975231014316367
-8316865360049657320
2338353680808562129
-3160921451146748411
3956020640619165245
-1327106652449715605
2182782849683122001
7281431752530450304
1952755553413581027
-8846767227606319409
Matrix_2 shares[0]:
8159597165654868063
-5988480795583058107
8149021644807409164
820962219195750492
-7205391395984562765
2301006124523150963
4083969935262968175
-2088862091137695473
5742836195604427391
-4016444440368485300
-6616166675974101777
-7360473523325859973
-8992159587202514848
8122125937802444304
7326819946770335089
-7819408293478330740
-8353469952569691457
-4729577540591575499
-4919218808496469938
-7920754462398316818
-5787393079212638568
-4477135018937834239
-2788661622618591902
-4957891764251504227
-2229836296617348116
7853729509120109204
5141116672840265001
-5842367460763436717
-8559289305158889513
2484437893908435138
-5606966233022676326
3580283137456991503
-3990192727487318284
1890755577549149061
-7603676876928674877
7279139251253296516
474360191318518356
2847521513799114805
-1965864113698285926
-7760100828380571566
-4692674747060392668
-7650806062641099034
-4399491476360008519
4172174117051045290
1675513391377194066
-3062553175412458109
1098448989605522066
3941927064549019830
-2304407397236621037
-5754745509470159390
Matrix_2 shares[1]:
-4509444295126191457
-6847842026879583167
-6107736127264337638
-4248074078968568730
-5506800261002032841
1607497656564121933
-5342142660407624303
4070568713588677291
7179323217063169339
215852084738991839
4827842092945897486
-1072133176292105357
-2026960805357968826
-3048049719466495229
-2085558980423258035
6415455718609108965
6946813331949656673
-558913691623416188
7235166677736990488
6725844255627602843
-2926467959890248976
-2080699218226931626
-3988492277662334345
1748351936479379180
-1398950577426681864
-4991751399569183259
-7319907129500283483
-3989978609449645787
4091563773415686274
-4908310209401766276
-1843536121722751457
979687286320800100
2211496036043576652
8107966864959379603
-2815589705938820006
-9043886009128588590
-2442649708852774565
7242109995279284294
5454768321162394720
-4620123724262438879
576128242771094353
6449109957099393556
6734418069228531997
-3936535619838961246
6417224032499789246
-7898429156718552060
1132698759773494826
441305118760035232
8246065250359301671
-7262388531718025395
Matrix_3 shares[0]:
-7745837697568632820
147426341249545023
-211757055944323645
-6789087181733877097
7444278654317275170
-16594517009047785
2872766796640616910
-1122492529865527768
-4991638008872282513
-7288038734663208979
4545296104290794949
-7869886248740797252
7996490376617185887
-5635543104622097462
-2730932903076248876
7293794265347928157
-1145772617600018563
-952087671196914861
7764749406909103103
-8451355912510238996
7326332512347160472
6907684543082039056
94675006727684904
-58141611471938857
-7247015202830540567
4507720642982793450
8602712769757996293
-8547039989583149052
8477725379181995739
-901852581760518530
-5144572213208447844
-745251003281518954
-892683571374481199
-653243301650813583
4529773974918235863
-1986915916708896914
-6498655115119256537
8836062470081929759
-9050483204880623319
-4784355526145221294
-6009078816803203343
2448559441858956354
-1567569614693158543
-1136885810669321042
1647779980845776066
-6518018095598744885
4201947642622797652
-7083902482209579973
3766435744296273375
-5425795000284544956
Matrix_3 shares[1]:
-6686542683218837144
7252737499177032424
-5357902187531095072
-5523215502847324505
-3089233734025677291
4301611993947510665
692592610032024662
-6985053875801428478
4110424225396446913
5964564457527027793
-822377508277577150
8137906545139875540
-8055276988703962992
2971802085457333504
-5292037013710201888
8387870237621906187
-3501480613566380971
-4522571286153326400
-212541392978556955
1089153529865634652
-3072827194962621458
2567539798736814425
-7935114108947873579
-5315557177254496580
6643708926096775498
1146180481697471703
6642979787710785226
5521038837803797379
-3967010679969920839
-1895071782780131178
-8249898659893391820
-3005064393314503048
3868716467346217297
-7542920640268295210
989061444350331572
4745385239109362626
2633312784605701910
-2273866277032688496
-8419071093416997536
-6707481810600127517
3454904766335136049
5822400271747050647
-5379449910768962398
4030690371776767543
1047032378494140280
6588665440198213396
1898705234540162839
1134036129303100142
-8618230641504917698
-9061966826005075598
Matrix_4 shares[0]:
1531173224678570740
-2535515540225152502
5589479198567520039
8844449377545412291
-402268271365067724
3467726373305827049
-7311348238834076073
-2718952168499581478
-49713175825985093
-335921529795271778
2953766173837482053
-259323269113461906
-2995297559530293881
-450756409718288432
-6963986849581930378
-8171351326742754552
5999093868105590059
3544480011235036709
7263894244720720626
-2745352358955563146
3355050266333533687
-5524172284724098115
-2011399713758635454
2962959891110982235
5028570969423695323
-415182924666872090
1351515206817781645
9212622065332021827
-8900607811208644585
-9030915339532485743
2910464020611010925
-685392283207240902
-4892771053755550625
5499219768408866268
8307772386692802261
6773029385612061719
-4968227536034502352
-464472207112931198
252306694573232808
8661157103660540164
6436827252825284412
6883649382040210060
-7057023342019018239
7237570368843132266
1743063681068939726
8155472458674049806
2077559288295430394
-8822476591970231387
4240124319108388060
4097564059794308743
Matrix_4 shares[1]:
-4531569921230095666
6656329406244080791
-2019418583332695816
-3362423421981810043
-3248423123710458576
-5048396509472980431
-8038734935804650518
-5458597279740564133
-1995715253206166948
1633875248588860310
-6537396140528340880
-386862609113823220
5866882747673921718
-7878095012585345196
-6777306202296793231
-5992749927418994993
-4296771360458688187
3619011497067303972
1612720710171525584
1220345995055066888
6859137305839457052
-7164740521424575750
-7560731376924551519
-4755083497579674333
-1251722371446659313
-2917650090297663122
3436994005566705674
1931476417131502961
728715593628115468
4975268958266393550
-6202415720986683694
8130840229297300420
7679077914781840832
-4439420099249015414
8724764359427348311
7774277818691546016
4709211857771960914
-7403672853024018811
-5723279196837859169
7639647133759773316
4575248855434354198
-7348739732860395383
3146313139601258673
2976206594825143521
7635607850007171222
1987529198207898042
5615837777505576575
4770337890439679340
4614470370586025656
-8646413560465547137
Matrix_5 shares[0]:
-6723311878548086160
3346586228067411448
5364344429433304998
6557898859352761960
-8792890180884486439
3535606769892959398
8796033336589967507
-2930590357186705260
6183038548832146461
1676152142529227722
5074257601978821425
-8008411775641939677
1617440911513872369
-4068295824659600625
-8904058010281679173
4024010706910788996
-8691980062482605989
9169352119138988763
8135085959134884319
-7892689325173769542
-6679800251933210623
-8678755855541101217
-2765622943621070914
7882467478433184845
-6044651432210502304
7283000052615916744
841268389700055911
6342653088327664450
-5524334471305758450
7431458925276049402
2773887001318312955
-8755697468538203449
1410022194800865431
-862022004970797896
-8723891553590665173
-6421051723746906514
1374041941499321810
5184091398273840407
1073611242093491277
323535284733906937
-2315353837392630483
-4975478878330064847
-8175573562265396390
-3313161307237744931
-4146270071877972388
-5690624014294430822
-6535247067744323136
-5252042513916882315
6225565220774882762
-8015943473394911475
Matrix_5 shares[1]:
-1502857424789723977
8867702961838604710
5850037052400139645
2235964880319730645
-4413790554280603400
-768798736210897025
8735631970156755374
-5373195794361113435
4140402546700879427
2597629437085579895
-2355532070109341393
-8376770090842327164
-8748610083105487838
-1393014525310129066
7398177885643251129
1247449382093941709
-1465760004180139719
7509325359762111986
-8743678781987006728
-6384626622035380240
6890802296841917639
1381521392352896265
-3428896952129422789
-8782492740260906663
-1477104578298876033
6667497937760985836
-3653710280312262909
-1926096268930355207
5590286954756344365
471052234934516977
-9016467052118647637
3410117886264596932
-4592997591390428715
3234093986796047308
-6121406888748973213
-4239239319385801711
3935784570293835217
-3396458510408287262
-6815702346471934748
-2799336464004036312
1148917724715667564
-2203524126391976017
-4317921178624666852
-8244023511276257759
-2830077299044974744
-4106615605292560001
-1889687155930385273
4666883481060281601
6858538187773116244
-8660608058461975830
Matrix_6 shares[0]:
8348994234605221473
4570508768274071512
3488694862520556570
-7545785454071115250
-67222050443840877
-7057148883960038480
-5334556295637501071
7489612198908865525
-8223808249228170610
-8402421362791889200
3364335131381682967
-8862238796511685657
-7403500045687737879
-8730568471415517576
2050132998753766481
-1376810861799146906
3208413139685186957
-4743951925463624457
-6700837787633895211
8870137238624624707
-8809020097619183809
-5120916061339262664
7098282660995530593
9165831519970418420
-518508572871707978
5131081665514183490
-5672732590210112470
-5631258024287905876
6194123320950262530
8996966620131679278
4646061354888069087
467609554923399245
296787282751707569
-1756219187895935118
-3051656485753937700
6218110492136857972
-2408779869731679411
4100027437956320799
2471098003445790165
7895977986302631512
-281995137357930362
102384435464365671
-2593085817992699970
-4967680223831374050
9139039093643013918
-635010293018550581
-7503637003155701888
6956127066501704713
-1715407850691590378
-7178692512691835320
Matrix_6 shares[1]:
-4301509002419913419
5787672147448020740
-1455332285458310343
4244412043178783310
1525766329832164002
-6117690632277557175
9076946943914099220
-7173015701034873490
-3522154123628005089
8512649960550777737
-6980478417625628140
-8343812615143050823
-6129730757829721193
-2407413093074764154
667068786598403968
-5963419915121766561
7809896326554247734
4730276439257009403
-222578141569760798
-165093087605775382
-5136733473201650287
-1377121932094505400
-7718128568731423704
-6669811402649335813
5486931787238691723
6350829212126872141
-101941793892138663
-583198569882739556
5154920049704377304
603985443149974025
-4756890046014038791
8333939313931840665
8708959771230277932
-6388934829990322199
-2119639956751864491
-8822065321543682942
3363986673507087592
-5068681893613234870
6722005600899314006
5245550760953449741
8926231540274349941
-1055516851233332473
5448907047028393338
-1142698856035091391
-7574461756022403609
5520325360528821959
4663297961907886141
1688821616395194232
-6040741632108123402
6812945225372175730
