Matrix cols: 7
Matrix rows: 50
Matrix_0 shares[0]:
-4718069624149849777
-3753616834134979155
798415905800786538
-716741902744194446
3852983832829951255
-8032824429305906541
7829774198970409132
-6706923687580327984
5678567608967150849
3163830022202688923
1625639888726770824
-6809986665250476495
-2659194351170460010
-1406205527709827662
-2693238168766340791
3317523292542894259
-9038922307900446814
-74558875897243139
-7177264436691691963
-5015973054882125878
-2780644078708266340
1542786793765153907
-6291223362445715108
1717534906641756722
4992458694674566568
1037101735396792134
-4177962706626385514
7146730706225358188
-6379759845526722886
-48018461850711898
8658417710820359032
8258585371193276440
-1045155081060985086
15586601366123267
5279522901952136816
-8354475372136949754
1432138849522442260
-2891026831956402240
-7590916541393145551
813569315798402279
-5382528723446126311
8964959156627737855
1422266727201772463
-302379580560343242
-7861959275941826296
-4248458777170714520
6785617996207562428
3612853169812953932
-2099986747905176817
-7577938171349729266
Matrix_0 shares[1]:
1127204509262141196
7055240167437218931
-6473827620275354563
4159720380879554460
-6475825774775867381
2528850815223220391
-9141943361757004516
1930176193408797073
275072498638664748
5940476430963609717
9176581061463705015
810369569593721281
1796997284484129190
-6333546699631203429
5489527864455507592
7473176744720380164
3070738729987676257
7572860700502504042
-8979293551843747208
-3989362803921910109
-4505904762576270497
-4014125570866143891
4443625035325435749
4454135282125135792
7050213918955169498
3502693263647201874
6817304284209696723
3639051900073091771
1168272117333008219
-4012120728695818690
6127653997418147174
-7522263603979534133
-6334978370320063075
-7539112835552529637
-2387977402350418995
-2908208849861177006
8333051271270900588
-1908725591290106976
1874413713066600006
-4550867766201489025
6416882228007912077
-3072828121364357078
-6829417793100482595
-8451439256661942906
-3116480492346624303
4574175327051082413
-4563359568840238155
-5177194462661314651
8852462216905583392
-3493111973037634225
Matrix_1 shares[0]:
2440049960069098769
4125000933916986388
825703653618577174
-4071405135496143129
-4549723358712252388
8401735576402447699
-8308746108879846824
5939133207101353947
8442713617132373652
-4647533705822828101
-1324662518973867300
-941454993779698641
-4346447678454872795
-6587728649480668451
6021519932511354681
-8961825183252655473
-8189495204574437410
-8847553123451915427
8161075673119528683
-7292226559004361869
1268809698800113514
6672560786343462709
-8335773825201471313
-7509764038263133178
-1340722386652671123
6564089954843821062
-7457366157223296356
2264423630804465722
4337966679876596988
2174430734646681043
-8207669859090986829
3122804418850538962
-1367523938292367436
2783905719897599802
1311987097057726447
-6514786298057793368
-8471099553172889543
4507211144012609505
-1712327414693032983
-3309881200296085172
3797491403640116123
6731765483137169774
1278913008373713080
-8461885602144262301
-7304750985625015605
707404980336682767
8223751469114450260
-5796592250828212171
1777851166249794815
-7132477968503884099
Matrix_1 shares[1]:
-1530584741986435973
-6329056290387508227
1929443475088223979
-230698619382924551
-2186145229684239194
-7957564016988478309
-4089523719914154024
-7869243212902811473
-5007426335044109851
-8318011855538626214
4500976117167111298
3236431243935485903
4534633755851035961
3250513554736673999
1066938844135280282
3398303792744284026
-3562630041991781451
7829529437158948222
2337456783637502975
-4094846768173774892
1303412839670237005
7660056357400727436
7519372217502438249
5038537758791603878
9065246393774649323
8817433728307536198
1507602372458868029
1819340096484113761
-6843433712717100409
5192319600655979207
-765398316535086836
-4653598185888040432
2352918061749282945
7437450375892711538
829616432020187061
9120110246005921023
-8885696192652430327
1749971692238114470
4870202017688655803
-7573451422754154237
-9046857247732976655
1139659047243873471
7090132026898519780
-6391136920788026427
8995921464839480606
4981356231216181541
4392945475491769557
-1555185892748742487
-1178365517940690680
6057493193752519990
Matrix_2 shares[0]:
-2257460898986280480
9144483398962431981
1034787377862015160
-3032501440969934714
5902409432357419061
-8884811528990608555
280492912186632558
-5254815565623838990
-7075196493986654076
2954419969683843383
1245947147634599900
5309707549626456537
-5155042098495735737
6984135012498556040
6122625476757485996
6584306533722136756
4330194954160940439
4203248329517509131
-7869654046232140683
6351996626479061260
6636153811509488593
-6180783846264709522
-3173564434164007560
-446039838929796803
417875772678945093
8953109531114856272
8643301259253494338
-3565501614285886113
8661652229401641083
-4830611100439656847
-7062838135955334159
-1887849720489973141
-5627739579186542314
-6371986331761090314
-7099404025605956025
-7117179414561214341
-1797285349882974160
-1838422775936711056
-8694868672399417429
-2711319330245123092
-3807410971155207006
9093240894554458153
-949068165577483347
-4474890896846138631
5970184620203980453
-8833685239354342071
1299920228148129540
5388662514009402861
7540245932148349176
1719266285751470178
Matrix_2 shares[1]:
646028408717820083
4085121015449530825
-2998485246580222218
232290081960784806
3952758124783439070
2467181562812458370
-2114180878665780593
4397768152657945705
-5972871253128808429
-421437604541931447
4431272345020169350
3630940261722805740
-8095683234793102250
-738580861908525125
-6873235078359052937
218319361610428467
-4439460604853946599
-3617295931094904430
6184654487751214211
3883098922095396445
-4782137195386337539
-6311373656069212556
-2435020183370666287
4325719111914468767
4813439311763629569
-8571467574518243908
1720824674616843146
7636513122621361012
2523562970987184420
6669388673162115590
8714335762702853251
8911646721239141994
-8536715096349254960
-8874192567122257449
-4301075724550355737
-9200882538644795530
-8418422558855579231
-2314598997894286126
-6110347047207644004
4247090405166623408
3979005317357116094
2767500045416504347
-6734667019584799720
1446986648705543840
4030546490361953275
3265553029886016467
6183651871953906188
2824577864414202713
4436554360480119998
4788774646968637021
Matrix_3 shares[0]:
3627415923478030222
8491446309678617956
-6588854392428499274
-34801008502035815
381678521527741572
8907280274621733755
6307883420224636850
-4901249568182792264
3704043732542696602
-4473968417436158386
-5899276321688175677
-9187194374060320712
7393916707760065697
-1781593570184838869
5894959339252761389
-6328328885939295082
-9010909546433622395
-5707653551243808216
6166213762449495921
-2948446564699576031
-3568291262943686860
-1787536971036556854
-3572869151376353460
5648955990621067381
-6950061804396877798
2265704606380160904
-6869764976844471493
7345218712369774865
5815996528103910180
-6529991406484714598
-864596509524286827
-2861414409000937184
2228961894676605933
-8110219678428868178
-8417244989621364025
8193317071337217114
505234863249377089
923850142010301340
-3771885342314448583
1763335484121145612
1884079085851474493
-2985762639971546606
2278404829760182979
-1494350154546277871
-9055147845919616541
-7185546539911398838
2631446626839639041
-2979218796921932236
-2140864321079715882
-4309402983014070599
Matrix_3 shares[1]:
-1866542607631854025
7308684948155444933
-7807763041557628261
-6245435845830376774
4421386155794297064
8882355094851498949
-6564884144246038383
-3908284141385387221
4973634041615084357
-5521054029038424759
-5981406791047030765
-1701563043571961137
-8122818640363881743
-4772388448310889964
6530465093060486491
-2284685191410365148
2862979782395150515
6795392407938941273
-4469442789748856751
-4794222149307644606
1161016813129521038
-6788881347961797777
-429226069595343783
4878050013227850275
540556577899485126
-1585532801532446988
8543063070315964105
-393373892802176416
-263377811761788408
3112133752932635664
4043054342306433073
-2679347138080217664
-5359529773295286144
-1076626138237032083
8149874132225205058
-8654054458017504515
1185709513742752475
-6979765877693409622
864714929989752729
-1343291254534284373
7118745730441220762
7203440610172184321
-2654691538881607255
-7983074381145591081
4956889371802135183
-6149399830676462583
-3461368715492141736
7128857331217269109
-1593568481693328207
-5329805585649731747
Matrix_4 shares[0]:
5417287160745013794
4194947933972456972
-2461185586995409107
-1816922684313204598
-8606490677311977761
-182666363647033659
-5176480747006760162
2600554598778436926
4861337419806289773
7469030252325365969
-3090578798095703069
-5378259371339866361
414576255165051323
-675260678754822435
708100625128162439
4809206862265043666
-7098414623403356587
-3217224947186103145
2640130158129508097
-5210497791097489974
8453191130719870490
-5174369364073129390
-7042894782336522101
6175899744195004734
4286289397594166352
1030784553626363678
6155677603572524023
2686952571611401210
-8831777944584900545
-5505395789147619692
-408082130616082410
-4219811391436943127
-6706197256106877965
3476241425368598648
2414533649196684436
-5262412974933008224
5558292499684604610
6984479929229961548
5724701158631732962
-2081636596916072430
-2119710563022388160
-8153826026262899116
-995139058945833290
-5491682368990471582
1192108919793108234
-6915985044109462634
5589666216123231932
-6597758961282554592
791627682246369801
1580611870006160781
Matrix_4 shares[1]:
-5142317348509698377
1682274806603066537
737355662933230087
7149948030233999229
8005483572976038521
5887841921938942082
2621805015579377095
-6790496422664348654
2768206109586374100
3121841424053644124
8224099367285953645
-8774495267444183118
-6398661588943511138
-859857836912680814
8269796923334587580
-3267785782315611371
-5908245027083868587
-8763250274899151902
-3772476606979275582
-5607133009330015217
-3873280051217720346
-7003337661634251012
-6038863455074000765
1283036655760667274
-4547034365487073950
-5584901201706767378
-5875218745984955879
8645731110065163020
-8044550633106372214
-7760248870226820202
-3903857510175940342
-4706149772083338486
-3317470912877831234
-2920161250601047016
1414674669740455850
-6847364929374294124
-4823072055443429484
2687709967011877054
-1435660843762477478
6123106356713872753
-402797997760732888
6494596657082074103
7220341561533311775
5174599251634577268
8337376473906070478
3065364985256771177
-8904505308012427457
4002044184912707629
820071544928209148
6319755718901562797
Matrix_5 shares[0]:
3110774690661800176
-1069124868732520624
-9023980196764222032
-5533327532482712366
-952979489606200022
5656443583850737390
-5547066042758958695
7103678842059528153
-8441032669726639760
-6954395618856465241
-77197313457373835
-2053360031794167088
-1740649994041138855
-1757744066833914771
-440239363742555858
-6112336300431768817
3551306381320608287
2857992119458023864
4980977099929595536
-6264670053905101500
-8241160274521614486
7419092702951630972
-1722689859925295589
-3357059260850494039
689147100965674340
4035313136343393437
-8141077761570947062
4167456843964337354
-2709113559173778326
8231423655998012717
415975754228555667
4069878134519723959
3704020998780501923
-6233563455110871456
-8176207287278038075
-747310394311931879
4347165318950436445
-7825171380726309
4643084978072821130
6686518423891959356
7055308704862554760
6830420768743333347
5912698629489464556
-1675201166180356880
2877724681653852659
3648559735497274503
-5420728557933874953
-6540954562978097742
6935745999009779842
-8483534839273601758
Matrix_5 shares[1]:
4861615318201570853
-761449330170898666
3361888941903297534
-9152065496154774679
-4939983397233134381
-6719606614835133883
-8178533932128513683
-7318078720718135407
7228064339920573153
6227737929098299005
-7954996956673278790
1741211961236280091
-336480532265901413
4312324350856125044
6813724461984472370
-7797557675718667944
7749672409452856675
-7943493740559180406
-484682968642597377
2594576502646521932
7029278130650490933
5409393810663558973
-1084150686423795765
-4725716391312878726
4594444200900383603
48443169974341158
9020317095884528951
-3033070671623468539
1301426742302481594
1179124580710402142
5889306352572864655
-2392220571725349149
4371478820167666243
-2963634931300908305
-5722850667953406456
1143521356573736561
2245621759271107224
8017563998984333604
-4363705947785331485
-2403543084189176698
-8020282035838924768
-6743423827818038150
8667427256660754224
-929922741344141649
1035383921032341741
6159343172214956079
-8802964368655696398
1575786119895016065
4772526982931174081
7795922475419344904
Matrix_6 shares[0]:
3651529119877276608
9124785693755202378
2758981230479348637
-5686036806349826483
-2439371533207087283
-1801374588784601284
6086265656726512061
133425097415643961
-2442996690785277792
7420694218145244101
-734031541191704653
5399104180439629174
8337884890329452231
-1851870319367459052
4098888791282860443
-4754792319402967925
-7858058729996612660
-2920953909366202647
652087331864646222
-7257479034190406992
-8283772960701351780
3101815256722115771
-7724414532052488201
-901616691116387478
1040764497692998918
-3882231397507548381
-8163510794461348896
4172555089267172693
7312699116572564615
-7739018676318640779
6214862676946159107
8591216407292454423
5800772320652708340
-3842831748582350593
2250292242427863063
-4891733449361731378
3526315238603027855
-6956702422883949781
5871483745639140520
-1902508401633936747
5390169289627984105
-7140399918501830007
3213416561395133996
7108153414200266137
-131387777064586450
3372313095927232800
-6500570274693850758
237239002654225396
996074002465798455
-7400442359074130755
Matrix_6 shares[1]:
3429476008066727874
6553143384916315241
-490639473801293927
-5615583885794713072
-8685329648816108174
4175869016501380919
-3419423401249724716
1074427610960540830
6599626908067030896
4287411825806853239
196767011068429305
4797127702625987883
-6145827839438763728
8377718557965260776
9143246103917353909
-525264021310238595
-4008814324985547556
-8718453817884624826
-4942933898776481973
5957616827043207063
-7602270998702535181
-3529014987973831437
7435940217078282742
-459092855287496531
-8505093054958342086
910043440618655714
8912161861289140094
-4688694935502354523
4101852573152339363
7785047178982334993
-5718014120389520915
3051016057254809426
-9070249730778387187
-6596724219081488704
-985262396555738820
1107851594647642509
1433999783567339018
952862171121196209
-8904378890371063387
-1414565052970240640
-5355268672669382844
-3717630260397273180
848376694496199945
5068913897061432852
285308165094729118
7412503766090018160
-5627849293337538154
-3996110217710908117
4368470053142656250
-1338033159390828391
