Matrix cols: 7
Matrix rows: 50
Matrix_0 shares[0]:
2083232487908310527
4899725524404368607
-3623047857837932462
-4888175874610213061
-7376901968180458008
-8875350131728681183
-703460596662793659
3752134235828662342
-5169034870608501226
-4417255659557888068
-3453303341690123064
1183231791640296488
-318877961798239630
-9104117846715905598
8076598723607938198
5172652201042837887
4479758721876608899
-5483655323320854187
-5167935144272396790
-5926635554254611355
8131903615708785866
3642854958748902183
1620455178260449222
3768739823468348172
7542466205938479588
386179066425712150
376717635421719816
-5378318227892367988
-1392882097365312575
-1119407522318577855
3376295021687167150
4752669456930932531
-7058588777535731047
-5177379849726625958
-4641004119331046905
-2693625747295694423
-2718508918533942563
-7674013185431969846
-1060538848012463367
845075884736008841
6195575085833755362
-6116597559805125474
-3632680137068298047
-7802877534417641448
9215759400441757126
-5502822785802641357
-1402087081827229778
4886238707723598501
-6864861669845168347
-2961192286887446391
Matrix_0 shares[1]:
-2732284935973087962
7415861612506652482
7149754181122655561
1148370937636104840
2658285357154623406
-5729271035366543125
-7758804261216816097
4375138742645962307
-5456437596297069070
1251642516783596614
-8535171935826164925
-2865025845959131489
6659024861110595044
611440464254477846
7063944631754364911
-6497847856019017088
89355038856453895
6196651338840526907
1552857008325741614
1030899931239245831
3762234375848450557
-1998423585310459006
1938380632584205972
26473867514933436
-6778956556325035154
223286913791647338
-3401467411874930429
5538280638775403569
-9126201654019953316
-4836330875212358656
5759574473837805789
902866336620312229
-50927016394952662
4411834529018851117
-5272596524529813993
1823354951024822077
-886339520866248084
-8127153501436779208
-3755667328893686033
-6239282738079891209
-4424425836650595093
-1058023057639564910
-2743527213783056681
-2401132896278516635
-4079772842685330865
-6800470444280330533
-1278637949762578120
-8502959006744453037
-8380979964783733103
-2394733472104572309
Matrix_1 shares[0]:
-294655245734948526
-6714086920307583714
-5810387018955480781
-2727915015407167637
-1890498644937826163
-7845161493111915336
6650010253378728306
5657255179546916868
2818813270792751375
-4207897341012599116
4186472338675088803
2810541783074800302
-2562610933252538169
1328084607510492700
4129446740625450354
1744653447164334713
-1384544121512657882
1582675625596765554
-741141391622539889
3213642587828304451
-4905451265904282104
-4215242418831199082
-7962921981015973345
-3025017182631604502
-7902890996306561626
-5424022733764632293
9192871056375401934
6236727080286909200
-753916824307298190
4435307647755878380
8227915951569967603
4123858774109148352
1061443816464202302
-8276272999360780759
6561262973231688387
5929898620684766020
-1504458267608528604
1143256710363704447
3088033985705528562
6297435363468794797
3928372858469723274
-6967130813019809454
1478373551513040240
-5950335386981379508
8976947793002900626
-221715970057428193
-6123658650851310830
8283844113400223216
-5207672469289021085
-5778327410886090994
Matrix_1 shares[1]:
508976494289088305
-2043856194196965075
7324747646465275879
3683010468450076949
8643225916275160883
9059061346869302472
-7055789257396436252
7280090144300541741
451559845824534596
1885227676298856694
8613674747135029988
4298887698207122083
-4855399192221810600
-6279193620834376417
-1639678558512612073
-497853488040784612
-7428747534494644435
-2105971943296081677
-7104508997568776458
-6583461012695098695
5938835855683382640
-4674619300157484510
9170873882146119665
-6475887158475724539
5205362014429459989
-1714995795185217024
1116788990943435739
340917217354960775
-7631298148740593605
2445474380117276850
-2027258665634687552
7899074101509212118
593900436780352781
-1003847291832546650
2951369477684162947
-6973083121779424002
-4441535636187960813
-3076114446212284961
7467064403672037175
883077273258368047
-7021889936577970972
-4233001612318021173
-7482407479456318729
-7993366966448463715
4418370659150348014
-8164559800741124511
-1457799847424355527
-2564090726091983890
-4737096226153091398
3128173906857687783
Matrix_2 shares[0]:
-898503042791238071
-7551549083895196358
8505920530021545350
1650190350317011434
-7470576500930394578
-4107005215042137784
-6052380706362069132
-7848116185769753611
583464355606156348
9054807816587571902
-7209365026737698077
-9213074957581748921
8431753882766624178
-6246619448628342470
3331441510703369908
545308054240502744
4398801822426492446
-8884716071958903616
-8861515824369793880
6784854368969375518
4415913120120965874
-3938872947717369131
-3828126408883339927
-1019744952345308522
3159042870003366873
-6705730834314955095
-1150558947480080446
2006902791666218638
6690917755944838180
1496259295335477158
5389351870658986785
2276587239475005138
-1045714406381403949
-5356538200330806081
-6436474435118965108
-2245875601109991489
9016665662039581011
-894486179865371746
-190267384538477398
2887915452300642949
991194342560919356
1729582145071124504
-4901817022400066943
-7682973884925199234
-1375494208211059408
5539040398508576107
6490684311345727477
-3525041650604233593
-7484941220561208322
1954309589922701356
Matrix_2 shares[1]:
4005714570787190769
1751477509029507610
8759747764896638866
392127398260540505
5577315575579579185
-8714235228568911245
-3264247996090955718
8755987628357270115
5578107332136594571
-7004361150495192171
3802542100106014417
2461205830648442902
4592927299079574094
-8287258908619354796
-5779369388184934757
9152744896260327875
-4294104633280221713
3846664107910866697
-9099622653371424523
-523250312592283657
-2405036264117513151
1991583051573202834
-797594418703212991
1576304384454787189
8916861129093772196
-427701206511238823
6464749740200227478
-2157483136430504094
-8665247993206904258
-3824965839317892491
-8862329214468878552
8093006771074951216
-210607524744813420
5482662027359741400
-7663885561573858726
-5189242561241258569
-6303346917700533196
4638094907707607447
-7318561765965828955
1983581011508635460
-3154351880975583743
1427548202863649922
8612953337714531090
8205769329745310372
1987022885399506571
1794513944449708085
-8508990270196487067
1399632777193138408
-5771091973985009347
-4005973678072795212
Matrix_3 shares[0]:
5271161536311571652
4463455875406298606
4512072210727993178
4519937229193771671
-6458530743704730117
-7108236669994514331
5675763193055230160
7511052761722013815
-6440329661171471040
5420845566433301831
-8060323029542240398
6707744601690990518
372811979485125754
737006219201522542
1086363161434086238
-1773827915524793342
3299879757201490453
930158129799181029
-4507165362520463004
-3647857021346603580
-5298816598425452078
-3404795811898659662
-1703699083584288280
-2799067313767515887
-3682772642676978583
-1638754858971032066
1923660581863477348
2958306279166707839
-8092652911805038827
6900272996191320527
-7085188887801089851
-1814217962053973060
-2729008586736458844
21251245301595226
-6873534763352069267
5831867207624919205
3193575618207542046
-1996186162701895682
6744752403261723272
1148708994350705336
1957304357442061882
-4100793898640882304
-8409299900236209020
-747015654473844356
-4710491371407623298
5915044267359486365
878461517391413403
9164338992806054608
-81219756180085150
-4958521304285966179
Matrix_3 shares[1]:
-2825333302441008329
-3542770352826173555
-265080193531359940
6454912306299836505
-6667934538046521468
8418825943759146769
8079065208355280302
7842044974989000014
-849657276213687757
-8711749897907491236
7204068791806572434
1960870510330855044
727376987461605647
3576858993824254348
-4042328223828882601
3922855008069972882
-7192777920395578843
-7262535706379117337
6185632118247618023
-298931333693136048
7695211614184347198
3216690842477607094
-6750469145203736666
2611320333436121580
6477350167673824273
2466302732881331829
2415078918927581243
6462522722272669106
-5550295311315182265
3704554855021716028
-6303196928308212228
-969565228963960537
3043017076602283910
1603525263175752860
4571206899245647819
-6555979432948535252
5434003381253556373
7952768392945147165
5611536253062940115
47652319699360764
-4201913329089120014
2501476195746839550
-5920933752761066520
3824166791521956039
3434640895695333621
-3895768257483283736
566613339547108310
774231374759540366
5117655406263496298
2864856761442451381
Matrix_4 shares[0]:
-8515469273543312350
-255413082133167034
4716563718008453273
-3520720552381218193
-1761855582209212225
-7407407361776432610
-5448973609214800246
5348111321512101449
2045152418859745937
5125024269468834964
1452351214162966066
5782764256900290389
8742542159265255066
-496068233416951076
8572263926319796919
-4719827778870400314
-476337052602593344
972928148087453110
7770363250836376019
4949980378639824358
-4766477368297677293
3305999899961777320
8943526621867695337
-7000333708254046213
-4813757499375701009
3428586132592576977
-440004765235168645
-5598915698954845277
1563448039615510572
-3926386240572560333
8826835448322068334
-6790391352733229147
-1506721108885381557
-5003734794769651133
7997826709990831147
7836661688098470781
5692213014182770200
1519627350738227388
5290214956392515215
-4920515676247530439
-1819524469527506363
-6892774494394938912
5247780734490011643
-7880925831497026049
6787586618523628783
-538905213838097964
-4038092041680513333
5097242259235843983
-5350630381261856093
-2553044388412342007
Matrix_4 shares[1]:
-1674710383300230700
8363528853974174911
-4561143814974029462
-4304869680387756934
-6731727589086410790
5826655568422871000
-1595160741424862409
6698344681159562658
2504094973449452120
8292906873647570002
8029970744134466837
1778682381560254916
-3895182125577127086
-2478137206919227189
2773836859270593598
-2728007428963663921
7626115474477716806
4727362892884414596
-4456449686917990613
423309915360714526
7023902410763927118
7323586585474934929
99148561147616788
-8005556252623445621
-542010566670241820
-8257340698876189482
2292908363723321493
983410500128949423
1690235752600319258
-4377024674749339052
-157947433756140530
-4873911167105991249
2707667003239926425
-7393577594942260725
-7069180369914147120
-7516416995047561970
5985558568774778890
-5876888900129777023
-4395838973031536846
5563915212204259808
-2419164792605070094
4608757556451576555
-3189958531485986753
2039526327763567140
-3242866813224738318
4622854437700360914
8897577583517455557
-8176697758662512327
6625818538953189042
6067829397507324048
Matrix_5 shares[0]:
2292882533010431869
3455879411546987350
5696493833222863413
4950201478159434685
-7965277419582536826
-5486981833066754007
7803195097380141946
-8107705938051257897
-1955177364159164291
-8200426933827514968
-1644725775474268167
-5555980801584191683
-5518586720090463495
-288449516833076796
153354897704022376
3092597637454281175
3898616110640307345
-8701294160961379537
-3174315166047642878
1456470667543850441
892587740527145544
-1246648507639261446
2400250730393172059
-1326804918562620038
2485265326242347878
3712852285825669200
-7830371846975254466
298533810381307778
292742707914156685
-5582961321033262902
6140182335158847798
3974831696696573297
5515625167825989493
2020086004558718863
-8283139944960644138
-93722998356625915
-5682111417776814097
3108943221617150215
-2824618767637393576
-6333735621590031516
7443437296430132694
5375773064681858563
-7417488127493906411
-4241740265266736369
-5677566988956210001
-8994242151383191362
5944457226627012451
-3959492907372805129
60125992528705432
7284368033820224866
Matrix_5 shares[1]:
-836967975831039321
2798962366915636002
-4033293466867857356
-9010838471081369342
2963446177617957936
7860374107317084052
4586876845899194129
-5790886285723979714
7312835236406499311
-1289904781260418172
5571030076141617257
-5591194807734150214
1398402449445272505
4593161617872154922
4204104709457425327
-5312070962764171064
-4476385691541205306
-2153473751243845491
-4944186251331254505
-278508477302739154
-3155258040346410076
-6462669367589684649
8305777450819296027
-3102120010316930204
3427242904832925348
1474100205674723271
-4670081285624051808
-2058317734790261181
-9215557443468262107
-8332324472264491586
953102793535957535
-8740016101783682825
-1536838060449034574
-8928542566000465118
3088614270034523494
3332549189392373333
8587547529280852598
1577447094156648660
-5025669647569260291
8095154243488705670
-7206645164372081462
2436508829098398787
-4500652526996363746
-9199449242614562465
760293550521022432
-8750046743612230220
4508379281347340696
6130620882372027401
9115740167426939697
-4899122959517439093
Matrix_6 shares[0]:
-6409093536669080986
3210555595901221729
-3688373882142213248
149546644402717279
-136839745002978043
-1990203211758554532
4234904348114379009
-3309708564728828720
284654875492368616
-6674519226528926434
-5859045263020639415
-6399923661454713677
4303678137398532113
3081217273099970954
-3834183290234183444
-584581948721181637
-3658969235446121672
-218415878510219235
6842763130057927384
7096300231422039675
-6802198253574152615
6530253000418898776
4889336593414847864
3879604282058864669
-6343264549139067295
2408398884484507298
2309766466257330189
-4866689062300232692
-8409070867509279958
-2525383352749717130
-370896998021457302
-4222488002855402615
3599490430629342854
6168797210594167320
-1246307106195762523
-1108847024101793500
-1130310264581537010
-3803768918674238209
1959706852353506390
-3928432942226242795
5924024362412469223
-4295098226989455980
4734058120456026816
3801490022202391187
6903485490240091731
-6502844454117141473
-4584577116252285307
-7706575360571368344
5150557823386194869
6528390219504299264
Matrix_6 shares[1]:
3367876737980630442
-4101004111624136913
-5974765922608128734
7506058628850153161
-4490489279049798444
8579116848850152704
5964813153224788874
-2819920077973596106
-3594977864314193154
-1928270438915287483
5559595666852051826
1506786911585392341
-8687538048036644290
6297791515853459621
-8711325006996097771
-7000615457757252583
-1130540918429342984
1122407031275887707
-8793395756000173376
8143814680306628057
2708792303972388081
8283182318985761528
7335995820848973843
2118453724099516854
9176409185797328308
-6064049610453090542
3617889748117347930
-6092511946028657854
2484173806464755825
-4388675313535941162
6646624408932934022
2083884228871657640
2771373003288761386
3077137856403728327
5773056244017055263
-5081833198270614744
-6953071013704432595
1652892765395054576
1804638303444440830
-3423376617144926839
5073279979268863441
-6233820597921340518
-1708161408634578661
3498329991706727933
-6571567753178065835
-1387677624849826565
-4185289251312817879
9061516954061562620
-4056927684203389717
7448363325666908386
