Matrix cols: 3
Matrix rows: 40
Matrix_0 shares[0]:
-6292249036569302611
234080496587400633
2552499610586795935
2393862108997729651
-6842715767612243776
5422059636552232783
1780702545469739077
-5787723595541609433
-392289660444039145
999572190988085662
-5114669036447917574
6566502801323969173
4399479926951187206
1742016361016075048
7471667701618059995
-5853361551131560216
773954741826027670
2770978103405816193
-761736653187507872
-5375698539273009486
7039117585996988170
-3070286899938517044
1198592715877790750
8036029330968250312
-37132207615165160
3015838269789725029
5981397241328432638
2629142722756300328
-1513398634028225265
7704258381681490788
4922302217221728265
283491872783041431
-5763060387525285342
975701302149473687
-8130338611072448534
-2481623752623284038
-4890218787812415750
-3651787398825712706
711946128186084122
2762890367827473943
Matrix_0 shares[1]:
3363203558905423966
-6637956950919224692
8288516051075491557
-203353903695803881
1905289391862036736
-2331537771721120107
-4964374565186366411
-3137066165749540449
5347804835840409999
1149812322567051039
8758493141916123380
8779868052354135283
-4672301678964028549
6884156832676352334
-8638396076577439125
-6171280458096401502
1422492081123307819
-2479257752478051150
838791168024375783
906780174537172630
-5728402860686591528
5786362742300304924
-1652258974162225104
6632365051785664633
-4620321071213902573
-7404756422403734871
6180382271404267754
5527180299524222040
-8526752115420540240
7546843049802054767
-5952941740150213154
6914026770881095353
-9214645233876100830
-4010024058495973740
3816356293821994143
3918872396428351808
-7314278980524390610
8513775478207108306
2863423295345866155
7500840731051622811
Matrix_1 shares[0]:
-4363363443351634175
-6846824067328416550
-4719516607049748976
8779209859216088653
-3220465131823474069
-4346501848874112934
3850447021510567807
4493895357399038875
-469411894080437203
-1861373508497112441
1710234887016301420
-7023931938557965102
8698364504404565624
9164463567063186627
1478425332505642477
-5544488156033081817
-580751785226652171
-5860471227967599967
8758670621013111080
4664458298235459141
-9007143988923462541
-6115241620078563546
-5249741392527435427
8800570686571743969
-787758863746646613
3887509125180735908
3727517185551733196
-7773145849791657577
7950901333836216736
1817814332547054091
8083428542170743757
5850876019218651215
2083272486917797077
3307301460633875019
6201913368294422919
1052149676709783888
3891826520320801398
2263263682910515546
-5622130067459375361
-6078736933951307004
Matrix_1 shares[1]:
2023013751873231454
-8179114125490895412
-8490540945155812819
-3073536683486110023
-8087182632025215025
9042062532818581493
-4621137801133057503
-5957375445065841103
-8243542725710880923
3618323465878484593
-6129900652297190371
1094411247661647016
2078099013047390943
-3558159952107377046
8762384016985491289
-7788244683688977129
9084157168648700371
-4065796529859875413
3218041015607019289
7239383299898658443
8622378254062911178
8742424053846735631
1837149270549585955
-2626572937487397313
-3282892177082719562
6518775746379139711
-8124727557075945903
-9121101304061064910
-8426578663437757748
3994276076746111166
542862639845092835
1704560333622482484
-6684299706544484315
6705547517360525182
-7519247749634845097
-2592659004261524777
5727833039044023569
5371376615290970055
5614553690217068639
-6374523114488798979
Matrix_2 shares[0]:
-637327147599951577
2883607132686710652
4400963773620463770
7872420354025481510
-7461480746502063721
2327018803923728693
-1604477842201244218
4981915472809771087
1681065742655594241
8310971974010496699
-4760534849547388794
8166095099871007754
-2838439933709737873
3587172614833567991
8077306143718374452
4460576882036090985
4426581068381562448
5273944741111325976
8962686769823144970
4184149455174623953
4288679375874104198
3742782508891206952
-8869486688474652530
1944577997421794930
-5342722085387235031
-5919638079350656208
577961397490538067
6392786844454774882
139143057319899062
2125093818087325642
3445262800575181654
3270253740510355845
8201839381558240384
317343214392762064
-736333846821528920
-997881506714723280
1166243504149049274
-6011603821560433364
4000253688518354662
1365049114478372928
Matrix_2 shares[1]:
3356366513010053015
5715058627452927065
-1083485399828636656
-3444931600541498336
978383715514239026
-6456117847109037834
7281862816459706156
-7798287272443147929
-4366523985766891497
-6393497504259578344
1053755502453302455
-1855077578669843893
400141723401446604
1130411501528876497
-888500161947445032
4931977114264162235
-338700538019933286
8282763700965414471
-6573587008797747614
-6910954475898269888
2451022775325044079
-7987693749002026900
-1976534545058589677
70425842707676943
1736464024352002674
-5954667889871922327
9142176801686904072
-4586398996947344639
-5977785017332860307
8462595518723080417
8468938481987780115
2597408296516633483
2166498409222432782
-3944548816692118365
1837792349767990820
-5820587356305318728
9219709670235309088
-5247482410813817016
-1968972088061281005
-159763713010072967
