Matrix cols: 3
Matrix rows: 40
Matrix_0 shares[0]:
-2460703857845901126
-2623115963030333644
-6230241892048749403
-4109518215154330598
5747885710542114058
6688830808249367536
-205923052348607068
6585015420531948263
-8742467050493134176
-997279923455769748
722686769462823676
-7736692592547977664
8123440087383721047
1285790197364769959
-705608805036620717
-7014807777838746788
591494370851551133
-3858233117433021223
7852233421483939547
-8429673518133029192
-8574863564382999060
774421347086671274
8757076564759419559
1268493513400880293
-4046028179282862900
-8311595351374041843
2662263547811843460
-3229090977563742396
6056291404579987949
7095374550499045018
5732292100713559437
6406308801590242759
-8747943572948916850
468434300670378349
4930167506058643467
-4924242499694912888
-6168426441035969852
5996987062882338531
3993573885478375842
-4790376351078902658
Matrix_0 shares[1]:
1210554724892299607
-4862895874696035070
-1558960021541611364
8286708715110377030
7235175315489086883
1933019075335515735
2690070390657394658
8864465298059977817
2325165860598497753
1078065971678858161
8598969497209373148
4958234306610540837
-1589791220619904243
7962165249382085850
1407896677507813467
7564328875619304304
8318467770703437373
3216121481183492531
9012510171151995924
-6247732000956431183
-434912547702707073
8773169165540886243
-195718736067686695
-7761201878065100214
7887698309157419692
-6931538950912130851
4543523054002008401
7351317007000615470
-3532296601799366086
7830051933106595345
104405710587706234
-2625070661030250450
7927229847740487626
3839645323314106005
7571360270207982392
7789121737721683582
2655355693285736131
-1544653183888957250
1381782935710223154
2458823323288674894
Matrix_1 shares[0]:
-8164266111276432938
8497170210589540487
7704356895419278997
1918153698307228486
-788959178839308615
6601280748641259789
4565302415045289241
-5029683254495804799
7215275489411915397
5135843985300365939
8423517737643302587
-8227286922751114584
5544536302168376587
6161885681078575563
-8835046537745088080
1360115175349268696
3051991229547728248
-1750160188787261822
3736216930701200842
-6873653419911437315
-5497241987586516918
2438404717546175113
-2803130485971003286
6855914336002740516
8615291438207184536
7718507058276532151
-8842722593100854253
3351283269678718122
6501265397653464286
623707082262877378
-2411716454559476803
-2019027719356044871
2145833871235025116
6477691956821445673
4565297779132776330
1904497484083187250
2823762092821239752
-4508957568411555019
-6161321850963086521
-4595340021270909576
Matrix_1 shares[1]:
-7713070768266945158
9047515221260464624
8747894828879372545
-4048070751265228604
-3229407617294416027
5135140543545406132
983741554653174718
-3056353464489168694
-2648191271504009496
2198060321893332189
7158792635247613188
-3175701741451565882
7261558305389112244
1187095084293241086
5755562389868666927
3172693856446518511
6413286032671753608
-687016483932744324
4445344913629045686
-6720966673229562909
6168480823306448249
1459094843223741428
3043592744736877792
2242284684718873786
7447481220615636961
8846580291695639202
758768252232802351
-5568785850923127897
218091176043913909
5690570485508616156
901393238770335942
-3939530969029328952
4984320310803855326
-5569108555590134976
8449009697481328099
-348212665966180369
-4501441954290526464
-2326205531171565770
-435673297905412599
-3462494974380675630
Matrix_2 shares[0]:
-4761462180636819185
-4168626680971115968
7066464741732168634
-9091965510214590193
-5305521754745230716
7835965134040746741
8958830803823768900
8281352057334241401
3216091131764466082
7658177900796944334
4961630963761567390
2871047985823138323
1164858486460860930
-9077311708462879624
-1912895218224041885
-3707353002458010820
-8088629045899604252
5288452808905339684
8012740358944284163
5607943740749740081
4862381299133147855
-6883127085318575007
3758278335873729396
-7839381968244570906
8681231781568945520
-7066828955146175329
-8267391092513556418
4883245448003400235
269867883695014304
6244356053721309687
682399550861494775
-4556624052110442126
4125588300387842987
7045558037605932973
5986775762618046040
4619283624621038883
5938456033715976841
4907747445644113996
6355879785927615076
-8390155564727945730
Matrix_2 shares[1]:
-905935094724517072
6834480257305043921
6981298687926704459
1922820583088501119
-1239970386824867089
-6245705750478761399
-5286160533950301110
8748992587126969028
5794770610446249561
-5502658969691125591
6156208301630036093
-4887955682126197324
7659566454290676885
6952444954300761041
7351946713014312273
8966606684950727635
1300185379849321653
6738109891471112813
-475754119574320909
-1774844872951805380
-2290980068137965036
-1309409345422122679
5465092620562313118
3131178409713604139
-5431978401557649066
-7035536159886931226
-7525555587971508534
-4961532052408701817
4823768197427834249
-2102363009168794074
1978499297275173770
7792888826168087621
6061774740831236071
-7884507573768434362
-1318618766571179986
7134941404091726572
-49909292075023492
442622696903337771
-6930192126230113797
8835225759628696891
