Matrix cols: 3
Matrix rows: 40
Matrix_0 shares[0]:
1250149132953601519
7486011837726368715
7789201913590360767
-4177190499956046431
5463683047678350675
-8621849883584883271
-2484147338308787589
2997263355117625536
6417301189894636423
-80786048223088413
9125087807037354792
2778458285937436828
-6533648866763816803
9198788626962695807
-702287872471192750
-549521097780557516
-8909962141554988505
642111636249528693
1582000481073616145
-3769338554620091241
9009776112085706134
8899153561081994099
-8561357828691732863
6492708364664219921
-3841670129874556791
-3203609771423378921
-7205786601813851860
-4122226029436873073
-2523994802780621862
3521317590103911254
-5836697811301265670
-3781238140559992308
820713725208429224
-4308079623984484353
5945216297442925757
-2864879238026770693
3513070747750233721
-4452333878993381281
-5375356821188598996
2331553027790227765
Matrix_0 shares[1]:
-2460703857845901126
-2623115963030333644
-6230241892048749403
-4109518215154330598
5747885710542114058
6688830808249367536
-205923052348607068
6585015420531948263
-8742467050493134176
-997279923455769748
722686769462823676
-7736692592547977664
8123440087383721047
1285790197364769959
-705608805036620717
-7014807777838746788
591494370851551133
-3858233117433021223
7852233421483939547
-8429673518133029192
-8574863564382999060
774421347086671274
8757076564759419559
1268493513400880293
-4046028179282862900
-8311595351374041843
2662263547811843460
-3229090977563742396
6056291404579987949
7095374550499045018
5732292100713559437
6406308801590242759
-8747943572948916850
468434300670378349
4930167506058643467
-4924242499694912888
-6168426441035969852
5996987062882338531
3993573885478375842
-4790376351078902658
Matrix_1 shares[0]:
-2569407194166173512
902058641859546511
1994492349410900080
2129917052958000126
4018366796133724645
6710322781522885701
-5549043969698463954
8086036718984973497
-4567084217907905896
-7333904307193698125
2864433700818635842
-7043755409506871143
5640649466152062788
-7348980765371816640
3079484147876421158
-4532809031795787203
8981466811490069770
2437176672720006148
-8181561844330246521
-4852123980568551385
-671238835719931328
-3897499560769916539
-240462258765874499
-9098199020721614292
2383971414886730125
1881656723737380265
8083954340868051906
2217502581244409785
-6719356573697378187
-6314277567771493533
1510323215789140870
5958558688385373828
-7130154182038880440
-908583401231310696
5432436597095447195
-1556284818117006872
1677679861469286713
6835163099583120799
6596995148868499129
8057834995651585210
Matrix_1 shares[1]:
-8164266111276432938
8497170210589540487
7704356895419278997
1918153698307228486
-788959178839308615
6601280748641259789
4565302415045289241
-5029683254495804799
7215275489411915397
5135843985300365939
8423517737643302587
-8227286922751114584
5544536302168376587
6161885681078575563
-8835046537745088080
1360115175349268696
3051991229547728248
-1750160188787261822
3736216930701200842
-6873653419911437315
-5497241987586516918
2438404717546175113
-2803130485971003286
6855914336002740516
8615291438207184536
7718507058276532151
-8842722593100854253
3351283269678718122
6501265397653464286
623707082262877378
-2411716454559476803
-2019027719356044871
2145833871235025116
6477691956821445673
4565297779132776330
1904497484083187250
2823762092821239752
-4508957568411555019
-6161321850963086521
-4595340021270909576
Matrix_2 shares[0]:
5667397275361337084
-2665853576333926984
4398980644050679178
7169144927126089866
6545492141570098389
-1590259383561984494
-3672670269873467085
1416399429248341880
-9010861742210714932
-2155518931105817990
7328904808317948702
2016907696303059624
-8824424940751537075
2124866754162119330
-5439051494790269622
-5259253682492716367
6788443666050283596
6420181373333099904
-7536986239369962379
-3833098867797933896
-2571401230995182071
8192536430740698324
-9223370956436041975
4708203558530967284
-3249253380011295662
-4344378958676444231
-2653797393224486010
78286604405302364
-5093636081122847824
-4141993044552514746
-2660898848136667792
-3236264774057644901
8259381032490473252
838949536162501926
-4668156996046865307
6692519044996786838
-5888546741640952660
-5350370142547451054
574312340302499731
-445070194900750327
Matrix_2 shares[1]:
-4761462180636819185
-4168626680971115968
7066464741732168634
-9091965510214590193
-5305521754745230716
7835965134040746741
8958830803823768900
8281352057334241401
3216091131764466082
7658177900796944334
4961630963761567390
2871047985823138323
1164858486460860930
-9077311708462879624
-1912895218224041885
-3707353002458010820
-8088629045899604252
5288452808905339684
8012740358944284163
5607943740749740081
4862381299133147855
-6883127085318575007
3758278335873729396
-7839381968244570906
8681231781568945520
-7066828955146175329
-8267391092513556418
4883245448003400235
269867883695014304
6244356053721309687
682399550861494775
-4556624052110442126
4125588300387842987
7045558037605932973
5986775762618046040
4619283624621038883
5938456033715976841
4907747445644113996
6355879785927615076
-8390155564727945730
