Matrix cols: 3
Matrix rows: 40
Matrix_0 shares[0]:
6003347897341310940
6958311219257335955
-1597060811746651037
-6430773763469310598
-4386079472818317952
-1359248126644117518
-4113794050580309513
-3006290394850262704
3232919801488246839
3871548389043671195
5935253100572626642
8607257171446693472
1051864441503215145
8866710549059699744
2414873581394917916
-6275341823363829480
5477695441723757115
6528334905746972255
2572505560631750435
-4694101472635501532
1730541732733805608
4728522645093412726
5304951687206961899
2032757771220350360
4656394405133425521
7805952689339090663
-4798371613322178287
905928900379697703
7157605299331758598
-6421027146382929634
-1309837343798208894
6098475095793265695
-6774149209617234075
5653851037891953887
-4963253917164458408
7687649203440187526
2627721177153648522
-5933678737273578326
-1391017419499546605
2333073696853442845
Matrix_0 shares[1]:
-257353049343065843
1230965964546199169
-4909966334016665990
-4735321909899578087
1712902561907424046
3560386810010900362
4607173788909255164
-625395196479054168
5673305390418395415
-6514792525555633311
7168222932330980022
-5442336233945472509
6556785005125463189
-4969327187740767422
-154475758856836219
-2185026556963077404
8173426113224376257
8966282377389266404
-3536685363977879794
-5261858737358747856
-4445007652842348454
-898236010641314902
-8956955168554130111
3816620090216847328
7663401270011904078
-3706138202074394669
6191219583238249978
-2650882824527289705
-4710695517846456632
-1981266060546810086
-7201664345931677136
-8854481377407398557
6507198002340301879
3002810103966050860
-4454285084372792944
2275280203607500404
-6583213207790583539
4021036820353936611
6686170660137191982
1924514409256685010
Matrix_1 shares[0]:
-2239838257310598702
5735453419743624327
556658717973331331
-2568303757799696422
-1173856667206581310
-4522491665234768880
6057821726675459846
-6422557589334376387
4328901316278629975
-5009370153500744856
-7491851056697252899
4529908201852491687
-2174094575621775467
8741100754442480998
4003790955698492260
5156366962773798381
4472349546823051576
1951687183600789080
-6314236817104002746
2233643537177703616
-2030359287178602163
-2277045138966537815
-3408171139309408936
870853483574563178
2058287238781886222
4807309788796419254
5765476589591064745
-1798253796022548417
-3294171913111413754
2471951555135294603
-2783267134673488533
3845718672535627417
-144306188846251254
5772150240686577885
-389462739453489700
-2046834932808268173
-3948543624737287757
-1212065769760134866
-1432899429147388784
-4279910582514765494
Matrix_1 shares[1]:
-4561786817717092710
-2982151057029637151
-4455701897440869265
6853363923669053688
-7310272802261181062
7124345130304918563
7351051072748225683
3366771059724520898
1487417980338991585
7203822974679394520
-6274351546966500577
-9118434066411959511
4258798660146520141
-7658166988466791819
-1857976501978319282
-8682028311752927227
-8094460342476483629
7088249980476901085
-2579618262751757298
5811497797592275428
5523037069400283117
-7245244925206411163
4034588760751489205
-4785567412018304334
2919700656492497041
4398158933382162106
-4958860463148937362
-616418799633015931
6624013877903491767
-8601229329914502563
9018959855445155465
-117992062476570251
-118160402321302057
1328062451936292130
1007065705197964815
-2182052802188263311
2735915930327776173
9028132301337675444
-1392219380351178994
2741412152695413923
Matrix_2 shares[0]:
-5630663850756577751
3381488856987270198
5180972665055820962
8119063956901210532
8511813711739564200
-5665539960711386890
3682162262708129651
-7963861280754201057
-3292557765079720747
4495894657775505257
7443042295095584424
-6518958340129962277
3473097760028668218
5632849500760206504
-4185073351831100713
3545074312786621603
-430253555754371176
6405584413555164050
416478974740595079
3394278808267159111
-3726673902906550918
-1640524329729858053
-154620380658103938
-7550625703314832267
8935631216724814408
1298994690406554678
-3885820642805075924
-8311357919075394748
4284408965043808207
858239689758147129
4753786550669071169
667577667794143993
-5655911480051780904
5452901127768490146
-2128877222082977763
5972815517977771570
3400455821194693512
1328106691095500898
8204084559078661889
5751785716059031647
Matrix_2 shares[1]:
5110839717373272568
1501464776490168843
4768983340193063819
-3646162767402856181
-752888447000751524
-385073257065535613
-5146689522126904721
-403117240171564330
-2559401656401812807
-7395194895234415127
-1413261472916757379
-6400225962565523108
-6224112941230435266
6557920484405660440
7984514192509653147
3698240635538709377
2633723080456848109
204484239340953295
-238488596935511838
-5303076843093169110
-223867878805187262
-2056939916448026520
-5511530903765526163
3904753599124049836
-7595327395581831759
7124056961153986045
8513557150468477569
4563171820830269810
2836021763113022544
1759193456349628100
-6000645252630613297
-1012380418810102074
5951124672888296726
-9110536147462059825
-2823578390465454538
-2136551956629850282
-2946624731624289159
5447167112310048822
-5857338894581285822
-158442393917802217
