Matrix cols: 3
Matrix rows: 40
Matrix_0 shares[0]:
-7495538165919802287
3191460770107533304
-5831815251502207386
5787830659762489092
-8909649664901805075
-7801779651919385452
-439603837773320295
7170096795460591846
-2493151754189396346
-7630930483633121369
-7272129597952217886
8740037572417014663
-3313050512651790851
1685647060911420230
5792697984912160903
5152587035421182041
8634764239425191800
-2339585178954439703
3885814858791829015
-6729902904499170227
-1509312230023448681
-6368562666469674804
-5271172157170341224
4459963963982515082
338288957590533011
4502259824704302291
1277816288465883969
505004463248475510
7926522952584499131
-3442854238248242258
3453603806214874242
867921764168472322
-3512533068030072063
-7605697813853913124
-5814862381691862292
167988822746684873
-8646770892997146827
8070131623810860080
1087702768588516302
161256591254113481
Matrix_0 shares[1]:
-4560867382653214948
-6082319776743777275
130135295673401329
-7759227532439520602
2499555171882243723
-3553975475606989834
137699240048684823
8121001521451931029
6729071946349882439
6850021611944392571
5429993060579012096
4751008962808301558
7286163292590901987
4544562677707039179
4355317729939757562
6437519252192813085
-1721138032166436247
7583527725713835312
9033052681046747754
-7217480773346901108
-8631028768004776340
-2548039724574391665
2968143651640961291
3392774877869219128
-7485611019530652997
-747549809200412675
5158556879466318266
4192227190929309288
-368637311591562949
6852018134846038543
8153004887649686852
-6603273454598341487
-5024059277438096643
-9156793224991700154
-844155532769454988
2680683559761420985
-958958990963023589
-7651224026552706817
-4588462140148760700
6825495718255771888
Matrix_1 shares[0]:
-6165938018931590649
4805225424260127646
5081378938869889902
8047911329352537744
5095934425481222153
-2139454158205354194
102713532524473999
7410640364196205633
4082033893273250662
-7469506826639209930
8445372733207120407
-7354129350732322345
-5373125867607091844
-1684665389472376646
6514933926877189559
-4605948812673564779
-4204746245450522855
6537073783016014935
5613857281699805336
102990422525072753
7910177570879373201
-8193184815009431703
2737696438592003507
4102089920098621769
-6914241862036804227
-7151087336335001265
-4496369697180451773
5853776255462102348
-8494896470675094096
-751632325275870788
-6514659807636100350
1567896286330877120
-2910187215749522167
-655277135403940896
6245732346021017039
-3597744001377721697
-7610502178735049706
-5744578161588662579
-9090148539065051621
8173473161574373236
Matrix_1 shares[1]:
-5735677958243634077
6082303871276895490
6770583118006543115
-6621851486589662316
5181490494069849733
-4270648597647810636
3923686653486223354
3237020791050732696
-8037315959683769608
880121619653602290
371106366374590240
-2606894495234765090
7760728082655794580
5819807615513280454
2413689642227444017
7345982530949504432
-6125446203824701416
2544754287929568540
316822103979302204
7484468294828136236
-6812368497695852350
-1478283435636888280
-8573726558723928922
-6848376676700414179
2521390224700633419
-2419230179284126729
-8944697124139114502
-5375926210300340876
-1949024936036402575
2664424796630565686
2174905239834079007
-8860651323509827651
-8058690699436236020
-4030150898334286065
-4698437711279275405
6825498377168177806
-2481070949514234
-6020123196600443498
5634342893853420882
3677135161951312486
Matrix_2 shares[0]:
6005656122571874064
3923379929122139008
-1560945760043251507
2821304221019519894
8289239271881712601
4028866650114798060
8230728059469899224
-3859063273229605240
-8916182688079996221
5534491059662842234
4319581024385812559
-4334860381294158494
-9140759451871596412
-1641530436548295947
7853536895232554469
5904004048036719114
5827658610607638264
6092296922031150232
-1248721172463807583
-5144066676013878134
7059120635847894383
-3156208442093905923
-6871037070833689593
2251418398015680836
-4608691323717152608
-8186636155083416460
-8486377948597188616
1839372323263005385
-8051995125957627109
9194705487422130975
-2483465555933240091
-3630631035382682463
1628719496684351853
-1241115415757609466
4821532308384707418
-2079665788733330606
8229144447188554838
7206810315353201679
8385774075014634286
-8454087276833338871
Matrix_2 shares[1]:
5487104283412803982
2180059639062260508
5668819222232594016
-2500875740440146220
8858293602309574997
-5361389005788772131
-737991785339285925
4946512011704822050
-8231975014586988037
-5089552167127708974
-8467580712055070099
-1564446789434288168
-4545961262496149712
-9215306591153698226
8980711548588491021
6829312752892827938
7587865551422805890
4753621369282233929
-4229192242205290888
6805120428480859154
6888482464060825150
-186382444238816484
-5731699762237709332
4474469533900930465
-1717248530479081805
-6923260648593390905
-68977677459590458
2562636209088218990
3448650868255343661
-3608546161874578759
3072399214211759691
7602925935413749387
2592869332742858191
-1779459485383877527
4143120769528633253
4080857966897020402
4099760980132706538
2057257095633693317
1940935965917224165
4750217599767398635
