Matrix cols: 7
Matrix rows: 50
Matrix_0 shares[0]:
-3373358227107937421
7299959198623008695
6423470486360299713
8245688560754717975
8480011622219580504
845190087411296400
5325124975016589653
157144616153811799
-411121304411076535
-7403258272816720205
-8115934212682943840
2142198182149298280
1373165666941012162
-5835450345443501754
189731307706477556
2603554338768878789
-8702003241085925339
6476970873554861631
-4390387581839532488
-494874850065400672
6173613103931272300
-2340424537588256873
4126102411904939797
-610524556326412378
2814947400026175584
-2968523820475102198
8562910565293516773
-2259342797384138074
3976874725400451089
-7142804604087259298
-6448818132501345842
3687388279138564749
-5084001417649497106
4065424382972292762
-5901480099786173668
-5305729342633241447
4366161660434731166
-8656591506241116268
8260844625478571288
-4064520517231854060
8873005726159407804
-1161986308704888535
2101886243153029418
-8316185797977451181
8720495455085552153
5504784852668494610
-3382756513927508693
5351924818289029583
-2650438765266987790
3127049360951342831
Matrix_0 shares[1]:
2382331546685225053
2904551090723745438
-2388255651165793800
-1934757326386333200
-153495415019315888
-5879724039072808561
3029537479664610008
-255273258329027358
-1029743819344826886
-2171048239636499474
7956526491863837210
2163425644003955576
8655906351121826981
6398360996517323164
383920374729740128
-2257086382336241192
-3854204622831761489
-2804528594579657524
8547200439863091765
8545836777267696705
-4899023574626433742
-7886555939836274499
-3177843124080982365
-4680787038392088251
2874342357717565886
8661849162559131932
1437802043484275754
-2901010288368206025
7494617583093080500
-4267480652768647371
-6339202616615433921
3417631040234058427
-5633105784145289594
8823084774943059067
-8186721304124826549
6361894143473352150
-1426164683931533810
7087038753971407899
1468402253948789224
-2701569298749786707
596626247325136202
-6769158357852540671
-7412240780562790802
-8638869298649013729
-1834444505020438969
6259149644752517
-7986269501666939556
7627357657261081248
4017385399753438573
-4394634518854410346
Matrix_1 shares[0]:
-7488277777580382481
-931806479886158797
5221773314083532575
8783116600299798376
-4646463159231504669
-4559280141549320317
-2324398768014746524
-898499485001352822
3814610228600180197
-2286029235058097891
3528754974308370292
-2230420684222101176
-801595336288268043
-5413418244449286964
465682698858005853
-1064281593120279795
-5980272790850239169
2997025987878520795
2272972341865946527
-6696486808564564054
5280153289709846518
-8354707781054830230
-3382448234588846395
7866182681511443545
-1967026481956960046
9207296802105621048
7590254344841191125
-2391548782296393648
3735837493536665100
2026880733443426929
7425061538689426938
5828188478299124798
-1206513039158854738
-2843510479916415433
6800839569432156640
9116798816970714954
7730351221168723954
5201919424564902205
3968008968503671301
-6906119925227153788
-3878121967484219272
-6395886484594839734
7639784107065589199
-6036539673514655942
-4352243828756416479
2949563385613120722
-4867200475579017548
754393818497763206
2313597130023826367
3651067948989200218
Matrix_1 shares[1]:
2196440380914626112
635544844391433653
5272894938069715212
8943634675053880315
-846131555968741730
-506212295372656578
-664567814527440298
-918779257149876080
8112624692137247973
6346133851824303015
5481838118693570247
-4386459994678804033
-6022198986294694646
8671764857882588200
-8988166600175348108
8648092351678886417
-6093769105353266742
5191055524833776559
8557852728171380755
3026194932861554607
-8048038556288576185
8834479778494226552
3734734647023152308
-9030314546140660346
-86602735844622411
-4250401683028621104
5116168013723290056
8114016619507224774
702704698485130842
8071591309164840895
5608377133725609794
-6438201877190420869
-6401372406782688937
1983127458800508653
-5489170955364195174
2384107831192695459
-2117286665562080207
4334759631989112698
8828078730461264441
8485658583115791785
-6692364698015161689
302517129756396956
-4523510148340317722
3761622620682183042
-4129471221634406050
7098380890565827666
-4773298957660316852
-5799288387867302293
-5095616683524984542
-4610412569756724535
Matrix_2 shares[0]:
3275691471107787205
283842254120373765
-7780426958973980974
-5462687794797280067
-5021016325625849307
-5946320189621053086
8886378327822548632
-1944659228290646491
1963956826618840167
-5985041128628614992
-5029558994001428389
5612644128040579519
3051050120744853943
-2864673399755305416
6852771141254087567
6449958700361796751
558692328623532995
-8313825808834664590
4544461419030645628
-7773544236912394837
-3808808446884127419
-8503622512983600196
4167743794161081609
-388840490272129762
-2242436071984292909
7761962039760208925
-4682599110940548035
-7844617874632906382
8939329205988865743
-4579870985785812177
-7467563797440904586
-2699032138258892704
-5094505597263606907
-777744223959517440
2611392782648062312
-7363444773986901296
-1341158639498438323
-2640907437323031354
7941907054203923076
3318527998737255877
7052685464381737975
5802832807245385511
-3931407080760701919
4499938218301379845
8400338288526235862
3507173382036815251
-4591887655008337150
-2007088335501412943
-7891311488595146760
-7063947080583877111
Matrix_2 shares[1]:
5607782350638104956
2030249695872810487
972272330325628009
5898049420650695323
-2071353284355575228
-4108605348490461813
-5809331055534616279
-2802735355477964336
-7406508658822959884
4046014617717756213
-6540038780868650168
-8713567393915656258
4991520377449125585
-8233573363533190359
3853660244398885260
6513511449631318196
-8504790969608089536
8498229928786604292
2610861913269445822
-4148832034299861478
-2282064182448662413
8759673193552914806
-2717538818380793079
5644756422181290754
7225039681111057863
-1690236478059378452
8361917369927988224
8892064868546712612
4450716895584695907
5232464266202553490
-6829701877242535244
-6456610144014818917
-7606193380235148882
-7978840416403068725
4847870736065655475
-7736330197558688686
-3132615426654739273
-6748669943405820168
1104794861043726670
4849458023296830145
8101037497907913054
-3837694779119580821
969028367380082190
6750163261663323527
2121391186197025211
5304606457933708757
7030023723005082424
-6219279870962268957
-333513168444684171
192784053611436501
Matrix_3 shares[0]:
4149595147137413865
2062899209497363128
5501725953071958635
-4641787457157289429
5404622990075016302
-7860506592215198722
-646012524804752373
4712537873021941570
7876479320379196183
-5700523541461093467
121270599272265547
-114083831256752235
-1502388738742974832
2784811541260891952
-3853796783258013862
-5532087418746029020
-499578100944623788
-8499999364062226109
9152657204842574541
-847896025138269022
3904081522179822914
-2065976328536459674
507937266887526170
6140039910023653469
1946567575879253339
-6043395940481205896
2444356486974517074
4059193584723181029
1475762674111195634
117351730283155538
4010476922013915957
-3105401699677590195
8497452856677414224
-561207500276186505
8118655802132566326
6661619495108567880
650980167343371474
5220587020704588835
4732078957634305219
-6946177373419605282
4715569389350641291
-1693857181681739107
7756437402497904873
6591247846386620756
151742975623523880
3357340427663063082
7950852829759150871
-8115678315338398278
-4593214029814953659
-4992362247558719748
Matrix_3 shares[1]:
6132540134715020818
3512390673994958021
2271583852459333264
-6792342391165424378
6717733243597102675
-4593191145200568017
3624050567287876472
1371289794979846778
5211183704184937035
-6768715249089332225
-1146438495650325216
6061894509654837413
-2879870143028228316
-2520429833016352960
6580709479849924969
-303980886276227375
3181818031918999384
-5167412921234819756
-670964299811033783
5765073710495774826
4903835753974207826
9220359417161035325
-5415230893117726040
3359374814229548205
740547830723610848
-4208712405190409844
-4266693225278997067
-6338121643862830991
9043733116255158241
3909611932819940317
-6612191450522468961
-5561881171445772359
-1227826731910966790
-4713731133354093191
-3627956156237006769
-7996288393567416531
8312419898862285980
-8080662163640201452
-3249407079881498791
-3730249169840613419
5022066735107776087
4610148698989659622
-3123928988009262358
642551128166003489
6844561429521962291
9102881633256203828
275460215685485164
-7986463975645986405
-6420341719081481790
-9030681831549885020
Matrix_4 shares[0]:
6014337242231099515
715176116516145373
-3162565512805008905
-4130790579390692178
-978424145637416664
-2270757253850052245
9065511141550238720
-2348442891168886468
-1099432569241646455
-4930874846539367808
5260247753525618328
-4439642338885314952
-1589647306166791772
-867630259291872172
2602626520937290096
-4092478480253683089
3419455562649844009
-7125793325973780229
6185772544872283749
5982334140224883523
-9052740782360310377
4400972124128248576
1613125504107498002
7099535565811783399
6699319953424608627
-5127173214945451510
6286706347376302402
-5983862711674770379
1930516527945339473
2153673228212728181
6029033859452023937
-4055899276328661326
-6919039849485695049
6765795514166969256
2227341443179886012
6028124287771966814
7776634292996043903
-4272948583047381034
4535053427716318001
1796858993732182959
-1632064713779003750
-3565979072749510341
-7831343238759615257
-3971875728366550007
-4886777078893046533
1024778554726291521
-903130800591007958
-1137611395693265242
7352758669091449756
8069138383463705810
Matrix_4 shares[1]:
5223951263420015419
8522072033184760918
3214925993630489207
-2404917645813028653
973760395860486476
5663648505625504173
6967899268200000223
-738652589815404501
-3843161868327911017
2022530221624479455
-190368114256612250
-1936325369853750465
-8910707393119420499
666801674589558024
5770931651914812337
-620713673973143197
-8611073765998986279
-7472315822802885197
-1971443502196638398
7905346722594113269
-5348806500216187760
-3116231761100193209
-2365030511033969976
3536931955062878055
2207119371648693072
-3530126140560277525
-1266403756920120728
1967407238800861950
-7390435122378422182
-3699620244730046591
-315037319407900916
-6451756662092357538
5717826343588760627
4659951137727642919
1742530075663768514
-2979521029518118788
7168341827549778442
-5790972053372625982
-4585875937212965970
-895626097663396796
-6961341203743770653
-1273510594411064
-3702730475666775310
-8387814653143598813
-51511766868309413
6430626152255367665
-3315597047282348735
-8531593970877891679
-7236372308298647130
-3792913921286871818
Matrix_5 shares[0]:
699099062253921706
-168084730566983874
-808391845229803093
-3332965315146066047
-2462299082166501488
5766310632203687383
6975125766774959072
-3704418433958138942
-7516218309342848592
-1559422415814507467
3389131338701508465
2451999339549138675
4298261304495217186
4255054533223808961
-7673060472340962120
-6338388011250735319
-5444407830244984713
-9075648167205642159
7039113763103478454
7092132527143641184
1642714350412781668
-4271379921212026343
5698295868262903877
-2846404229930350098
-649553569642899997
-2122818680830718938
-5499811180835813388
-1475610926800084921
5120898533817188186
509710482619695698
-5341202190057373192
3322973775909847906
8107050374978222922
4214235615916348705
-937560159223111300
-6913869309928256717
3634542963033812996
-5915380952635049597
-4989992876314117123
292057873433906104
2691021868823960793
7646854272343280595
5834472639994500711
-723304479291421727
2735847922233226738
-418068442710624261
-35229903874361460
-231668234451589152
4660545264083851022
-5945154331793367062
Matrix_5 shares[1]:
298284406369212065
1984245487744827849
-354759592390223273
-2595627915813356121
-5589221927574989699
1534528102952953672
-1151030752630520400
7957791367530173395
-3265577048914584281
1671071387162115007
7707391013614216488
3047793588330199859
-4747019387297947105
1839156143319228874
-8387293636867575890
-7018046370491852486
5775250387984194444
-8936194630665132228
-4106008954580411878
6130730180453120973
8592862319516006198
3236249628038964931
-7227597585266758956
-3941013086440006775
5386027022088656289
1707491929612004529
4287598000647703791
-5936446772307978751
219422932361431743
-777154015041537603
1096177015513256573
7648217558018170343
-2193884410329038293
-2204607454276755136
5403129254840785144
-5742385369597626086
-5095198005725868434
4007604432734108238
-5643602994789653381
2965876333125339411
8022390017104753634
-6331417069920607748
-4197008949035899178
1459787724053514157
8874036284638669215
-7834195960697850377
9027694710498875254
-6218685312914964547
-6894370085307088802
3537632784030079
Matrix_6 shares[0]:
3229176190269266178
5253392271774488525
-233594956860541942
937240974192133829
-4991922409325478440
1458694757750879202
-1262098544825589751
-4785776351132047853
-3403845633170556574
-7048171734387609456
-3597267966515264917
5750959064340678791
-8423794486931978317
-5855252119116661148
-2145647201893079192
-7021695469023048190
-3990091856161142639
-8077399718294238105
-1550616855154301834
-2036695553751251674
3995999682918458680
-5754666953989038162
-8316958744723093348
-3972698082043671168
189563874394244410
5238203260806626311
2011633838898829343
2961074297157986464
4217654750361922440
-8111601744501846234
-843626109295868372
5179888005898991270
2594252609266915309
1880368099730643804
-1942190478548102980
4615116884797022257
-348877091470569886
-8863458794852446977
-3547054788258503650
7766383270054771056
-1691474373743859287
2654950429441553781
-5991647834464513814
4855882004083046952
-2032448755915291184
-419336768711579846
406612374804378003
8862544083730307557
8559089685834748922
-964885178967069011
Matrix_6 shares[1]:
-7285647863359518887
3504568123516637829
-8375763512201979845
-5869527334799115762
776999893450637584
-8276252777096315096
-852802837383029107
1738555235446812669
8211628059587978982
2064214327337408781
2738781932399990640
-4323138971011067746
5590997505780957361
6888049907935262875
-1094609640213658891
-1283167866084892621
7491745625702946314
-1810899556456263692
6091916893531793931
5083734889570689391
4548933595036343018
-5773617199205155425
174792282856157892
-5083757390073713251
-6945402921583689331
-7225027486057677870
-8535994927616867982
6207557888461525688
-6156643420271314644
-2746202411966396334
9022810200102151858
-2054199994069120091
8274116923369465904
-8203867668014734626
-5527479261874848058
393486816540333523
-2293297352894045766
-1904985733778071831
7254187658382372513
-8147643963469268064
-9204717701352490547
6147356138762329386
6665616248577509907
-5554676206615173639
1928832436778795584
-8202826936479561392
7686571781724626302
4476827280885463363
5208836702612048438
-4533148496966263004
