Matrix cols: 3
Matrix rows: 40
Matrix_0 shares[0]:
-5735177744821405101
6931452294499629497
-3883703115433701058
4107431852164651639
-5383991569290878248
-4812748507095139406
-2397187579226539166
-7462901729010881506
778954361189889709
6776284913990489435
-6006397169859665010
5275710302487072164
-4115284082686427461
7854431743747877014
-3861206517085354542
4605863320233835383
4993713059032444239
-7790084995813766390
1121784916085625462
-3213567293557503396
-8057281886569598195
-5653177144279390902
7920613169982702042
7998973289575485867
-3168516624713491270
-1124711036967596718
-7460243423069128783
1475384186582404352
117167734310427749
-1052987976506036707
1036866417871956833
7015561625408966850
3660013055467950265
4615400380578734170
2696179063873812482
-3884397564666573647
-5722710764467357796
6583506597112366731
-3739434044202006925
2074679080712255819
Matrix_0 shares[1]:
5878081144539772229
-2866861554056899929
-8499697575400368543
6432610412461202303
-3651923816868152553
-2361724304902096543
-2445814810498391024
5536356903750986976
-1267779653645456643
-1566775478886388884
-5456180447121257902
-5815778503136170581
4854103011492115544
6344232777209615183
5336216351817182746
6159187245590660559
-72747777680191663
-3350906989710976014
5946333518275144073
-7542919765813467965
8925178424084041648
4851961341007070645
5139752115750586702
-6858981224509169668
-7093342519743432687
7689458211171048516
-2037547163171525912
-3525048554976041591
3234722827940204145
8662466447311057141
7951440765407442180
1403667903046280177
3827059956446341543
6353458717303748611
-4008740610315904564
4091515114822597102
1825806775199503384
3775207027453440714
-6446078596826681313
-4784285152564896179
Matrix_1 shares[0]:
-1001516350845029340
-1392248647716554258
8973921197142914349
-1855020511187700945
6611195795407401997
7036444680574367197
-2551776731321620248
-2644937321787375905
-4353065271751544307
-6190747793277041354
6332561703861845530
-7877957241137192252
5280144301398880315
460866635704939179
-6799272623460048039
-8137089213964048302
633780460745839506
-8113567641148220407
-5155798678633742079
1114239605011903341
-8478349124694488903
2542299899242057113
7591983240637054240
-7190819579546359198
8217895857661031616
3194182765612255508
-4755808283239311354
1214046955621375172
3002925676605285821
-3430705723434777891
7848185565662070668
-5137397700427914799
-8475599278742768750
6758859406208470022
-4265138220791485935
-4040930245780504977
-4274606290344611114
-9050429354650352513
-5307666308202716220
-2206811124103108518
Matrix_1 shares[1]:
7418182346714442991
-1229212350505236165
8572064066335601540
4765061700431460128
645793877024478450
-4785508439238205546
3633420778512091434
3556437167605824713
5409516766239853165
275804179178782456
709004515543558355
7997279204230120537
-365287918644450503
-8403926597448346266
5860803751628042287
-4578222385824104663
-3700108287424932253
-5899120873932650177
-7801029858167553054
-6778603283792393780
-7728903528070262848
3245635986275115408
-2753499247570472356
7328465619257519347
-884493997197906149
-2402040876599729443
1006948362014045716
9042707917171103975
1093370253794409822
163733293575535818
-6342472779430149362
-7320579546866336238
8659430503408688202
6175003532968391098
622862589864744966
4662740083505120547
8952281853185834928
-2951688736068457044
-7056027720685115869
-6239568317768629699
Matrix_2 shares[0]:
7880150365542991161
7431692384059434924
-2026494702237462426
7415924558661488262
7786599804901398891
-3040469564398105753
2220680189215196920
-3856516305925379933
7365578136246511327
-2694533061210261016
-2961485306196874770
-2339441027127829919
7904490185986644435
-1401837811836624946
6715488636582833613
-4771908599149469157
-107323264100647417
-5236327735640633634
4459856072130816473
2588878363699377391
-3414035924769431350
4084312182072449777
7149423424879075631
2010643739807314802
1736304722364121173
-7209785765929985523
2014054910345009679
-7859101356496532047
-1703403268908810185
6522388788346930766
-4572932717170307739
7231904112442859654
-1453511623424923644
5661018966634830470
-8791445342758113938
7314922047835940482
7373929016480741624
7697541028501355346
1062669288488738728
-8816884637340008176
Matrix_2 shares[1]:
1615517359376957083
86943087111850846
7168967480359915843
-1691958214046591608
4028779118790199580
-9032844851432422836
5061978235661972387
-4261794855085118802
-1958143708738122841
8202519306455834266
-3414605416298506460
-4223653230265194736
-3340372115895217827
-6185671917995243194
3053350345559191134
1137584759099792428
3631198299168878370
2472540166208224097
2882792083951763363
-2152725211749594063
-2500661773071499266
-1503172891284355318
-3602787100342470045
-7622410665473281698
3176978816165643874
-750926196174315791
-2903407603110324233
-2152011232808558840
-6172625392610346861
-7090406596821044166
2397259868895381517
-1284344126896966669
3482948270359272103
5349839616418419102
-8932656324981936496
-8721150700677437987
-4526690494176903990
6000890647211213274
-3608924026034979141
8252311537948152524
