Matrix cols: 8
Matrix rows: 50
Matrix_0 shares[0]:
4442629608105313696
-2065577122225424068
3168659709427521463
3926975943108570662
3094137744757160713
-4269613908895977308
8256153358827668678
-7848842629905134701
2422662825939633596
3689185699775581439
3702638182036908880
3357602034514735156
7364149232238617523
-2773379037036566784
5465024354356683745
3148105449246046129
-9105435179926004803
8024622922255940520
-6471050058469203029
1965586328854747053
1024931846088140935
8715896785829547394
-213889416722671730
-637595032360008922
7942215889287786751
925242583011836369
-8899765395079735801
-7767221992330997103
-5016468245491398892
5026605209975180309
6658014672417189267
4882877587571485904
1460079903515065200
3412594089748781775
1597644093395589472
9211713278508667537
1928342859784319433
3236758295216079025
616600210056093704
-1215988201198916077
-4499448212424967687
-4915388181832563059
8731873963874097178
1452728139832175803
-8908497318102050750
3593484024718152588
-4330257643796062115
-8234035551986332391
7742217926549155617
-7947163683752249844
Matrix_0 shares[1]:
-61036932182128842
7846777903405744184
2551090612404731723
-8772186384233720348
6988742288908603820
5646710563931352551
-5550073169663301816
6594108348000182734
-6869468498987200310
-1009642913285736421
-6296447037007968409
3665302942858788365
-6459887975588681874
4320935042262294683
-836838619952328112
-4540951717695783662
5648641595800792628
-1811018895717156407
-9091889551432892272
-1989463409749552011
8852367634584379170
-1098260025918444633
-6969742935026885454
1023165423637355193
3251110749978283941
-7460939606077311444
2601983861534910545
-6946786392521284563
-8485824484135066987
-8393970340799855118
-1104077831277020929
4144353673650490608
-2435588554502929035
-3531156936864596074
-7438342926504397927
5616680111854406587
-3028505817580334467
-530512618613617993
-2131573192656861383
1303437288709948798
-5597904058211512174
5234288786639862677
-6810673400898165761
-538393393210446557
-5621111478072233513
-6039704436204928332
2048860763509204186
8623859058342286380
2804759172430689757
21338354138917522
Matrix_1 shares[0]:
-1749645056352688593
2418034633056855140
7819976090952953200
-5574420225040656694
6834306148370577366
-7013270549482430645
-4889893918403255074
2098308902013343254
-760727582939196212
2200013232613646502
-692323471748486462
-429106902505843630
-1374055502586653428
-6879942598680735067
-4796004858075452791
-6847660902870742247
6891436155362916511
-7458157647407051638
6839699617167802036
-7226391537029787889
9102750642093822565
-4510576192753469121
4334915457034725021
-3721648696337541089
-8150126035858038794
2631195618406439186
-3068232963255340298
-2916145533394643751
-728699398596371329
-4995144664074430931
-8050764270459008292
-2158753882286638598
-3590320813739774429
-6869758040358450060
-1783821302480040231
-4122109634402009221
-7347229780879503542
-4946721913430144761
9175816504816744321
4806507433884922197
-6356567783012346298
-5426307480471170448
5955545058672712028
536125822633400136
-8178969925120062004
-9120425230370743723
2165482231291727582
3596660237333679557
-3849032181870599341
-1945379658432358180
Matrix_1 shares[1]:
-2360172227684943109
1345565148636773005
-2718820702025775735
-4038429592641020407
5340935880854180085
-4517502653216730477
7034023439683807290
-8602518029823980526
-2993665275531440736
5850376396336268274
-688411470822295738
-7516837742470537761
-5571903706559765681
-6467782220613014497
6774912332952717949
5767525416849024750
6646795759917468951
-4295989589272974664
-5239636226385296578
1811855357792335855
5447345790255282793
1404229389046405247
-7570317300377685529
-4568140484502901488
-7460310248627264667
81069906576014637
-3647953724601444394
3540406694611214052
4898068639273395549
-4024683241411827334
4944171765868600691
-1894456883417789881
1880984461146883568
2148353748587309427
535518863174495336
4751618462471043756
4194530436516362889
526011444154911134
-353152829986576081
4020537522915759764
5759320064489005348
7088603910384318500
-3192101942148087561
-2960035383152233444
4833294429394757723
-8631364706406841378
3812748647608497760
-358342886729195362
-5414894390196038649
5463322105445884299
Matrix_2 shares[0]:
7152021532390607036
7830060630503971854
8620436017968758247
-386298753708268079
5641958637266089558
4440531715780376130
4294378437428695543
-5866523062748030478
427134632968831590
8793606349235037241
7390219067953176513
-3087497005941435169
2743993113784318735
9213680543366077811
5262576666999289548
4306452925405485194
-1470953128011956225
-7260253593315209755
-2538202817414052732
9041428109081013138
8872892906529041162
-5800026117437742166
-5003232919600915792
-2879200127617394971
-2649382401168301002
5967309200076487304
-8761544588857577310
9083671207650182145
3833542623162377423
5183593801353517806
2616185386007618633
1946450148198701745
5118626510233803925
-4219632248251795809
904061239608575791
7680962277378607350
-8655352706028704907
-1095972731392634984
6875455665804541371
-5654324610373615493
-4537078846904390932
8986955252404767599
8648329656659294778
6356734310945988501
5548095734595855360
9103288144543853193
-2077204159408804694
-712633013692095824
-8094260728727690645
3243163775424057624
Matrix_2 shares[1]:
6134003636426956533
5999735431088474500
-3784330708788732337
7220752805700175515
-8887182347804318147
-4334901185295479790
-2536277584768503837
-6098351919121004853
4246024806036074934
2050471693088573754
-9061130263418057399
3312253669298038537
-1516083289843367563
5120809151173235101
2601527919518438516
-8748691838811009671
1916789237362265943
1160135714490089667
-8950071090644114344
-8424345473263206851
6527458863839672931
2914834473070723976
-7017279539007657664
-1949476730703805427
4558772251868070096
4300439659664080766
-6802059715464905430
931590629315738296
-8428095137808145456
504732932317262641
-3081260761485989951
-1004104643964200970
8721527675230528596
8285154896141641524
-8476793293912719526
805557434565351253
-4869962432578053345
-2964471976751229176
446615955330430497
2946692990476514481
-1979753983056637393
8103047935464176672
-6557141821506772608
8158397769650283910
-270540929311073534
-4959562515705188020
6362294376583881898
-5432377953661317406
791520642480310014
-2650194401022599946
Matrix_3 shares[0]:
-2063874769922425949
8961276848072078045
147224110092353816
-5890539207992685839
-720835169144144661
-6537825320409963567
-6657300357279210135
1010673131193939104
5468573873523260436
8317923796337200606
4674735311817639472
-6500324961304230303
-4971719010937837490
3529972376162081293
7365735920440336447
-5107795496480260006
984590744211007813
2401651007746384716
-4470210870347091501
8309585787104317445
-1768227874511100939
4065447360798932716
2375022913734541741
-3801381739442495938
2690230435092822410
8595157320055488984
3368186782249172735
-1336391797957369186
8738108169090434187
7240374081984923176
8116197096463259787
8788520861010361035
-2293885825049730570
2113412213624745143
-5192894299730165873
5114378656563964130
-573311880347342141
4138218385766913204
3924978717065824174
-2797203006198172703
7584877874148620111
2530697420883306341
-7691844394800620926
-6005267881796280684
-9171438744996219494
2412471451960266557
-3721436924787766902
2335480374400006320
-4223039275030514310
3350087100024655777
Matrix_3 shares[1]:
7850708033615262269
1251953755853945195
-3031590079821016698
7504147949103443898
-6140596353976616677
-5738477460932423788
-7588583798603479281
-7002931690100040626
6556826170458128168
6074243146160332824
8585755780012450741
-5035190348815246544
5528986490093464026
-8197951626772722474
-1205693748255690857
-3990741551175187025
-5047100770501237728
-4369442052194618479
-579871555609379876
1486453821855487017
-7402550455987581909
-3534187809658121943
-4239399763325556143
-8525665113685604618
-9113227159477127493
-4282371865978669074
3769655845388413670
-5678061377015786792
-569248167695191412
9186661338965346167
5961064245171465311
-4078807976774132262
-5479721780104025927
5900809209341312311
2772015374767138013
2120432436208718689
3153057424203215590
-7281756246022538692
9037588007052517588
8888997382029124053
3320525645264242254
-3236118525104284443
1519223333287217497
940389756498329836
-7834792299087293863
4673532131065877859
-5753158785579692650
6448485373047239577
-7288081064915913565
1406172917815422959
Matrix_4 shares[0]:
6853588992066303956
2342735170361132457
-8500035695170857162
4821093027206238111
-5100024186642200385
5347131433087119286
-7078950848693383088
4506458969479259549
-6708215149768186470
-2157273926856375757
-5643116663759650543
2528606962661128159
9004562912102637284
-267574119874932548
9222024965550587466
-3064521995806657559
-2250225119248063575
-5485637989088726141
-333688516727980791
-2285116917135619119
-8011142994616722652
8186494351247622723
1140620416394593389
4013826598137801438
-3347767601520576914
-4092488484954507449
6673045006437302943
-3018328833953966631
-5949095190114397201
3084459948363361976
-930625161941679654
3115339944909091183
-6674390650357395550
341751795553869514
-6526557370893520145
709884978903356576
-3450043402881930271
7332038122973546085
8918352699820633627
-4000243132338672731
2615833491443714022
-6380071699252175363
-945311238419914732
-2852102765637284072
-2908694939272151601
7387735232648591406
-3472045231128385932
-2802585887922445384
6422307195712554774
9203370008245642268
Matrix_4 shares[1]:
901504725103938781
-8951605396692326220
-978252932757770116
-7869137655264484830
-7426779018155915814
4498684980795376975
-1917798291977166670
1672428749351976025
-7707867314358989904
-6398194721352271585
-545335663483867987
-1361977519230438326
-4297406195952238138
415015857969473660
5616246175767211777
8958271944439925053
6718743367093731119
7346632932183938141
-4133108974748623125
-9193324530333812803
-188089677549915718
5847759677595018666
-373513633914629481
136957643985138568
-560255859780123816
6965612490025764233
-8792170450789998748
-4078952217881100151
-1667693416186075603
143875373502115908
8734422694624861460
2316541397668541429
-69904164539161705
-7987249225872735760
3439255282205824656
-8693098981159537854
-3775373017032493361
1260771564246205261
-5129161194445744799
3585670322636542537
4651765264138333793
-7703808467524111129
6864751671274879969
6136121125334120511
-3991866817761686412
5030530944115671102
5687888239042097013
383912714689435733
2059542578260850661
-3599991636272472517
Matrix_5 shares[0]:
-3038798336682212075
5021893931575295595
-3394137642492991917
6328885418319828403
-8933426193753912735
6175386068286702569
5020459663216818641
-3734052296152552420
3457337159880781154
144278141602136152
8813800460085676591
-3937770359738510086
7328365928315865620
5640223253713423812
269287081917794123
-3313274212502700630
-3161794044255293963
-1410718625840842175
-3264209337772694333
-1577282218069561714
7190983297080502679
-5321989885897594032
-1987696109012390352
-6942267643889228633
-7588526217564766779
-7007811072372765840
4050961114210305535
-1546497597091337405
-1442024148889958366
-4800736626724826187
7489295615493401193
6278166587831468793
-4833989825057181995
5528708239474632396
-7523364858980584135
8639773867056394327
7719525812674124440
2445687079343543470
1332224395724289094
-36734051815336405
8325041987220243226
-6646401685539729053
2168295186422480072
6364452579444411463
5437308143317683923
8232634916466704211
5672104070720491151
-1664771339890641024
113968351031080213
-6854098226729834829
Matrix_5 shares[1]:
6827604983068632167
2382053287600633563
4383436531599873255
-5592839551846528599
-422782638788374074
1762484463192742778
7474666986496418655
-2347454498287134476
-7686279624638125651
-2554265215922662477
2617568197306578551
-6308967974177594613
-5326119693155238637
4747676681487960883
6584335861715070464
5092374824009758616
926211370116336985
-648826625412019494
4227012033928488948
-3250178043223810416
-4871846806866059767
1637544701012747475
-2943619286221037229
-1075041670428694206
1754635623789524072
-801986558139470796
6435250589032807315
-1539774291757486538
-3568996331356124401
784940763657176265
425339912337328295
-8357083132467650607
765961757269782231
2813960153385767282
5517621758448340496
-8101138306210591775
-8748672436662223417
3397694355041627260
-6457460996725534107
2544010290112736116
-5395810544099740832
4409235077703535367
-9161632774560444737
6030764134819973278
-3317323481851470935
668041590725298825
8565912110097275326
-157929172515658352
-8546919451156174603
6622556550235463632
Matrix_6 shares[0]:
7075598546918433423
7510707528112780125
5866607014121760301
4665076032215384808
554464425784641884
783385751180653189
9164148093438548449
7508275077852863234
972622271565269432
-7516401710195028253
-1298921744197949617
5965442371649127485
-2929065051483914026
4304478147466825351
2301066162531245793
-7912161855345454735
-8055644199735736620
8747075757794388248
-1690935513484685413
5255104136962276763
-8057907090864124493
2572148860797853186
-1732974738474340793
3913112293655863979
6531968457990932584
9030518969383199102
4140993872845558484
5393533112500342023
1915416912935672596
5305822589570887317
-7641258003039001065
6258376972155530933
-6119294069078100884
-5717940189501592594
8534573973326170138
-375527068473815703
-1437918010283370604
2720510879628262173
3747710560451870745
8976464066779560521
-8593388957614219568
6544958646078836325
-3875410597869592903
2714562952760204515
-2462033237521026522
-3630436730631113930
7285271865309930022
3156038240197224312
-7172138788718138127
5749079402565771791
Matrix_6 shares[1]:
-6314853966097812710
6575078421604225964
5466800726809629003
-4862711616502887057
-7361909490090703978
8877913520380989241
5891329146814902309
3335075789434769067
-9111459196753560739
112935462891580394
-6067371948860276703
-5493617864286440270
-8676367658701054710
3219417084844780906
-5318338889907511294
3349859509360613151
-195378532951307021
3915235624106642539
3081535842351562800
-761701049965849409
6115075626861154086
1966523507374728983
-7132200365016170740
-6162500742329666475
-1404871432441338394
-1840953219623332152
3605765849012137016
8954101716529464855
5501363439650315160
4427601990781896295
9077818649197851357
-7194337272015764881
-313114262522191186
2808921469221609131
2495518597818087223
6777552470773211944
4657906385499030742
1155370638446110260
1590684735232486838
-6830887312421609497
-8218612610878283586
-3381347014803556501
791688147921211694
-7591616057424040473
-1967628726114143346
-7418377324435450432
1063096181676269037
-4883398182173183314
7511349103745530867
-6541201901412284715
Matrix_7 shares[0]:
4415808806575532911
7706613117600561611
4035377264553802829
4030274171172924991
-3607194484593381881
-9127828944235678120
7552163104156606531
-1657680128625635173
-4470812851438028855
7318609481428448462
8627808469526861322
1894435509212500465
-6780621486123083182
-1744119785658097889
2915054441677479890
7109704941735145080
7418534678840340182
-8429293553078800348
5182699199108469461
6146653576094982937
-4662778083460943314
261832447424871472
1063240879662390978
-3910365391675660342
5612772526974999176
-8036112102903813698
8631832097964623676
4161082307616049168
-823430406339223572
1913772433049263468
-8284674213774630083
5545834588743374214
-6783112042168829007
-6264473234430646458
-2654411931993672417
6688769295640462985
505241314543497256
-425276476357147043
7498564798682588298
120815480105145261
-890043626879797610
-5359803026878570412
-150492847543740536
3425287190450019545
-5894613600060516615
-162812439289926004
-283950474081650535
7681097780872608056
-1599617651088704472
7261226664330294233
Matrix_7 shares[1]:
-3348140208070150103
8247086085736219403
-7340090265012237226
3764411034497494945
-2006928016494509226
2705656613743317641
-4987368943066458151
-3588808422836206463
-4171690959827211310
7749433408526848695
-4498760870329721405
-8424248962250523382
-819639781996063747
-8365221362314065166
8231673370553021168
1076251140023697885
-6468552389323490016
3520133805325097595
3782603770569609804
-2635802718456086042
-5622640636136489734
1199829035292987030
-7861266839542958798
5196831292861433031
8721427047880927617
3298084078688745557
-5622399105429838181
864266927778836902
-3922474006942504762
5726543036706351731
2862330923701711382
-1553082362935028976
2310718448839854497
-4614168128370041818
7656426804477709350
3218748851347732709
-999445716182333000
-2753783714578310374
-2066804196522241741
-3616359004813516324
-1199052582216776775
1747131208908353784
1947156760320637261
-2997313296850008317
-7311828427665133305
-6538616351264717926
1424930985044865123
-6824426690198086317
5146751947794120346
-5424211214195094175
