Matrix cols: 3
Matrix rows: 40
Matrix_0 shares[0]:
2929045477663878645
6403876454331824060
7605728412047264124
-2190508205301925769
4937426375750207040
-3090521864831112676
3183672019716627335
8924789761291149882
-4955515175396370854
-2149384513555136701
-3643824105468205806
3100373220031447161
272821752012841344
-8626173193692427382
1166728374959379130
-6422102064481589898
-2196446822949335488
-291720350927765042
-77054514836867911
4468918364735836856
-1310714725310396641
-2716075842361787880
453666258284434355
3778349690955636671
4657453278829067734
4388918152614009843
6284964560976851225
-8156323022280522367
-8406593324260786110
3195642642226006062
1030639522928484890
-7197518643664136783
-3469038452308165444
3034322756346500054
4313982317250454391
-1437248643805067769
-6242246305372745256
-4861988079381395600
-3575369423531950277
8183012974830454863
Matrix_0 shares[1]:
-6292249036569302611
234080496587400633
2552499610586795935
2393862108997729651
-6842715767612243776
5422059636552232783
1780702545469739077
-5787723595541609433
-392289660444039145
999572190988085662
-5114669036447917574
6566502801323969173
4399479926951187206
1742016361016075048
7471667701618059995
-5853361551131560216
773954741826027670
2770978103405816193
-761736653187507872
-5375698539273009486
7039117585996988170
-3070286899938517044
1198592715877790750
8036029330968250312
-37132207615165160
3015838269789725029
5981397241328432638
2629142722756300328
-1513398634028225265
7704258381681490788
4922302217221728265
283491872783041431
-5763060387525285342
975701302149473687
-8130338611072448534
-2481623752623284038
-4890218787812415750
-3651787398825712706
711946128186084122
2762890367827473943
Matrix_1 shares[0]:
2340349691478402729
-3420805880890239648
-5236686521503989815
-5705673175729978622
-7139096309860862519
-4695560683944468553
770690779622489701
1463480087666802232
8712954619791318131
-1756949957381372149
4419665765280888952
5929520690896318093
7670280556257595052
-5606303614955809572
8205934724218417855
-5114011233987492666
-8503405383422048190
-8520476315882076234
6470032437089421254
6542902475575434039
384765734860551366
-2627182433768172083
3412592121977849479
-6173997749084346646
4070651040829366181
8040459202149675999
4397210371524212711
-1552496919856829119
475677329601541020
-5812090409293165256
-8626291182015836583
-7555436352841133694
4601027219626687240
8433895095715151416
1317334381340422186
1540509327551740898
8827084514344726650
-7634640298201485591
7576377242306731
-5993484025269445629
Matrix_1 shares[1]:
-4363363443351634175
-6846824067328416550
-4719516607049748976
8779209859216088653
-3220465131823474069
-4346501848874112934
3850447021510567807
4493895357399038875
-469411894080437203
-1861373508497112441
1710234887016301420
-7023931938557965102
8698364504404565624
9164463567063186627
1478425332505642477
-5544488156033081817
-580751785226652171
-5860471227967599967
8758670621013111080
4664458298235459141
-9007143988923462541
-6115241620078563546
-5249741392527435427
8800570686571743969
-787758863746646613
3887509125180735908
3727517185551733196
-7773145849791657577
7950901333836216736
1817814332547054091
8083428542170743757
5850876019218651215
2083272486917797077
3307301460633875019
6201913368294422919
1052149676709783888
3891826520320801398
2263263682910515546
-5622130067459375361
-6078736933951307004
Matrix_2 shares[0]:
-2719039365410101156
-8598665760139637386
-3317478373791826867
-4427488753483982851
6483097030987824913
4129099043185309477
-5677384974258461669
2816371799633377105
2685458243111297512
-1917474469750918049
3706779347094086571
-6311017521201163664
2438298210308291518
-4717584116362444203
-7188805981770929161
9054190077409298579
-4087880530361628777
4890035631632811431
-2389099761025397013
2726805020723646229
-6739702151199148031
4244911240110820181
-7600722840176309223
-2015003840129471702
3606258061035232669
-6572438104486972738
8726605874532109682
-1806387847507429972
5838641960012961508
7859054736899145906
6532542791146590098
-5867662037026989097
8078406282928878721
3627205602299356497
-1101458502946461637
6818468863020042270
8060790899325193529
-7187657841335300940
-2031281600457073279
-1205285401468299641
Matrix_2 shares[1]:
-637327147599951577
2883607132686710652
4400963773620463770
7872420354025481510
-7461480746502063721
2327018803923728693
-1604477842201244218
4981915472809771087
1681065742655594241
8310971974010496699
-4760534849547388794
8166095099871007754
-2838439933709737873
3587172614833567991
8077306143718374452
4460576882036090985
4426581068381562448
5273944741111325976
8962686769823144970
4184149455174623953
4288679375874104198
3742782508891206952
-8869486688474652530
1944577997421794930
-5342722085387235031
-5919638079350656208
577961397490538067
6392786844454774882
139143057319899062
2125093818087325642
3445262800575181654
3270253740510355845
8201839381558240384
317343214392762064
-736333846821528920
-997881506714723280
1166243504149049274
-6011603821560433364
4000253688518354662
1365049114478372928
