Matrix cols: 7
Matrix rows: 50
Matrix_0 shares[0]:
3590865114887708581
-3301623333302239776
5675411714474568026
-3442978478135360014
2622841941945916126
5503973614082686150
1312169162786595384
4776747494171530911
-5953640107605815597
-9104306453166298640
7644523123519075777
5999617095656755214
862197066686330820
7739752227341031091
-2796289695689166801
7656044036446277193
5968183577912770557
-7498301824605260903
-2290186085174112445
9005335858804035987
7286548841284536837
2471338777100989984
1847598327120279359
-6171670188766892513
6404071460079815550
-4539794999043994008
-2639341577583311209
7660961467411101658
5211487728193714667
4060139190546530589
3660672365471045410
-736321767213742307
7380133451381048161
7523526234186406370
-2891545499601717821
-7184059851711424855
8681553952916208768
4799752423246509216
5716502828326545546
3737298450403086746
-1034353504561785766
-5892131035263380777
5407151065898710132
8753818837222286148
-7468304305421101017
-325716549880367893
-2222258427367324273
1564341292848360719
-6752475469000406575
-7375693929322188125
Matrix_0 shares[1]:
-4718069624149849777
-3753616834134979155
798415905800786538
-716741902744194446
3852983832829951255
-8032824429305906541
7829774198970409132
-6706923687580327984
5678567608967150849
3163830022202688923
1625639888726770824
-6809986665250476495
-2659194351170460010
-1406205527709827662
-2693238168766340791
3317523292542894259
-9038922307900446814
-74558875897243139
-7177264436691691963
-5015973054882125878
-2780644078708266340
1542786793765153907
-6291223362445715108
1717534906641756722
4992458694674566568
1037101735396792134
-4177962706626385514
7146730706225358188
-6379759845526722886
-48018461850711898
8658417710820359032
8258585371193276440
-1045155081060985086
15586601366123267
5279522901952136816
-8354475372136949754
1432138849522442260
-2891026831956402240
-7590916541393145551
813569315798402279
-5382528723446126311
8964959156627737855
1422266727201772463
-302379580560343242
-7861959275941826296
-4248458777170714520
6785617996207562428
3612853169812953932
-2099986747905176817
-7577938171349729266
Matrix_1 shares[0]:
-909465218082662796
2204055356470521839
-2755147128706801151
4302103754879067684
6735868588396491582
-444171559413969390
-6048474244915550768
1930110005801457535
-3435287282088263797
-5481198512348097301
-3176313598193243998
-2294976250155787262
-188186077396163166
3337215094743994453
-7088458776646634953
5563521390508371451
-6694618827143332755
1018023686292967207
7948211616952519958
-7059670746531414855
-2572222538470350519
4114126929965361471
816401607699033064
2471226279471529309
-7724524007121978200
3065220390558194356
5949763784764428328
-4083763727288579481
2505467032840503421
-7366750335302660242
8973068175626073667
1530793767037501470
-985394123456915499
8225387977919240282
-2141603529077913508
-2605323947948127651
-1089948327884231746
-6257182836250723975
-3157874602995622819
-7563411450659312207
5249365844092860532
-7871424530381043235
-8369045035272232859
-3593721550777262888
-1691170479214465000
-5688761211552864308
5830047129103331799
7351778143576954658
-599485648309104135
1074984774751364109
Matrix_1 shares[1]:
2440049960069098769
4125000933916986388
825703653618577174
-4071405135496143129
-4549723358712252388
8401735576402447699
-8308746108879846824
5939133207101353947
8442713617132373652
-4647533705822828101
-1324662518973867300
-941454993779698641
-4346447678454872795
-6587728649480668451
6021519932511354681
-8961825183252655473
-8189495204574437410
-8847553123451915427
8161075673119528683
-7292226559004361869
1268809698800113514
6672560786343462709
-8335773825201471313
-7509764038263133178
-1340722386652671123
6564089954843821062
-7457366157223296356
2264423630804465722
4337966679876596988
2174430734646681043
-8207669859090986829
3122804418850538962
-1367523938292367436
2783905719897599802
1311987097057726447
-6514786298057793368
-8471099553172889543
4507211144012609505
-1712327414693032983
-3309881200296085172
3797491403640116123
6731765483137169774
1278913008373713080
-8461885602144262301
-7304750985625015605
707404980336682767
8223751469114450260
-5796592250828212171
1777851166249794815
-7132477968503884099
Matrix_2 shares[0]:
1611432490268460397
5217139659297588810
1963697868718207061
2800211359009149911
8591576516568693485
6417629966178150185
1833687966479148035
857047412965893293
-5398676326594089104
-2532982365141911936
-5677219492654769250
-8940647811349262277
-5196018740420713629
-6245554150590030913
750609601601566949
-6802625895332565213
109265650693006160
-585952398422604696
1684999558480926472
8211648525135093911
-1854016616123151054
-5954586571375629538
5608584617534673847
-3879679272984671959
-5231315084442574662
-381641956596612364
8082618139839214139
-4071011508335474895
7261528873320726113
-1838777572722458733
-1651497626747519091
-7023797000749168853
-4282289398173754340
-3200565174826203849
-7046264323553239854
-2128682120503541738
-8231036164970998225
4153021773830997182
-3641528354102490178
-1535771074921500316
-171594346201909088
6586003133738589122
7683735185162283074
3027904248140594791
8446012963143617892
5568132209468325604
-7483572100102035728
-8213240378423605574
6469943781081082442
-6508040932720107199
Matrix_2 shares[1]:
-2257460898986280480
9144483398962431981
1034787377862015160
-3032501440969934714
5902409432357419061
-8884811528990608555
280492912186632558
-5254815565623838990
-7075196493986654076
2954419969683843383
1245947147634599900
5309707549626456537
-5155042098495735737
6984135012498556040
6122625476757485996
6584306533722136756
4330194954160940439
4203248329517509131
-7869654046232140683
6351996626479061260
6636153811509488593
-6180783846264709522
-3173564434164007560
-446039838929796803
417875772678945093
8953109531114856272
8643301259253494338
-3565501614285886113
8661652229401641083
-4830611100439656847
-7062838135955334159
-1887849720489973141
-5627739579186542314
-6371986331761090314
-7099404025605956025
-7117179414561214341
-1797285349882974160
-1838422775936711056
-8694868672399417429
-2711319330245123092
-3807410971155207006
9093240894554458153
-949068165577483347
-4474890896846138631
5970184620203980453
-8833685239354342071
1299920228148129540
5388662514009402861
7540245932148349176
1719266285751470178
Matrix_3 shares[0]:
-1760873315846176197
2646612815875488727
-4050126639723424068
6280236854332412609
-4803064677322038636
657108704236318912
257000724021401533
8809533709568179502
-8677677774157780949
-8451721627234968471
-6566060960974345174
-7557986656077269767
728901932603816046
6553982018495728846
6021319641396303753
8613014077349660250
6147929764038471880
-1087738856695133039
-1696770972700639170
7742668714007220637
2407274449814165822
8576418318998354631
4002095220971697243
7919738069860633977
6409505226497392672
-680171804847713916
-1673298093471492597
-6951844819567598435
-5552618716342121772
3417857653552078945
-3178457832782146230
5540761547081154848
3130567878618680228
9186845816665900272
267370857396158967
460737386680287417
-1690944376992129564
6055915735683108282
2907170412324695868
-420044229586861239
-9002824816292695255
-4217677970200637702
376286709121424286
-8969319538017682664
4098258474117481368
-5111797703121690195
829922088652502695
-4149638534295336873
3734432802773044089
-8807535505045749270
Matrix_3 shares[1]:
3627415923478030222
8491446309678617956
-6588854392428499274
-34801008502035815
381678521527741572
8907280274621733755
6307883420224636850
-4901249568182792264
3704043732542696602
-4473968417436158386
-5899276321688175677
-9187194374060320712
7393916707760065697
-1781593570184838869
5894959339252761389
-6328328885939295082
-9010909546433622395
-5707653551243808216
6166213762449495921
-2948446564699576031
-3568291262943686860
-1787536971036556854
-3572869151376353460
5648955990621067381
-6950061804396877798
2265704606380160904
-6869764976844471493
7345218712369774865
5815996528103910180
-6529991406484714598
-864596509524286827
-2861414409000937184
2228961894676605933
-8110219678428868178
-8417244989621364025
8193317071337217114
505234863249377089
923850142010301340
-3771885342314448583
1763335484121145612
1884079085851474493
-2985762639971546606
2278404829760182979
-1494350154546277871
-9055147845919616541
-7185546539911398838
2631446626839639041
-2979218796921932236
-2140864321079715882
-4309402983014070599
Matrix_4 shares[0]:
-274969812235315417
-5877222740575523509
1723829924062179034
-5333025345920794618
601007104335939240
-5705175558291908423
2554675731427383067
4189941823885911741
-7629543529392663855
7855872397330541523
-5133520569190250576
-4293989434925502137
5984085333778459815
1535118515667503259
-8977897548462750001
-1541421079949432279
-5440084423222326442
-6466268851624296554
1132346448849767485
-7629113273282046425
-4579911079502150144
-6269037048002171214
-5364985836299028750
-7458936399955671989
260744967892907598
4554116648080403700
-280458857587568124
7114060392032987406
-1570415496018278857
-5181099414335111708
4311939640792022770
8925961163520281613
-8423075904724842400
-556080174767551618
-3829208318937140286
-6336966169402249250
-735220444241175126
8774554177467713014
-4289040314869255464
-4041469759797800323
2522508560783121048
1659229369180825032
-6225202502587478474
317083117355894314
8917258680010372923
3850620058852691457
3314839091889195525
2595714776369846963
-1611699227174578949
-7900367588907723578
Matrix_4 shares[1]:
5417287160745013794
4194947933972456972
-2461185586995409107
-1816922684313204598
-8606490677311977761
-182666363647033659
-5176480747006760162
2600554598778436926
4861337419806289773
7469030252325365969
-3090578798095703069
-5378259371339866361
414576255165051323
-675260678754822435
708100625128162439
4809206862265043666
-7098414623403356587
-3217224947186103145
2640130158129508097
-5210497791097489974
8453191130719870490
-5174369364073129390
-7042894782336522101
6175899744195004734
4286289397594166352
1030784553626363678
6155677603572524023
2686952571611401210
-8831777944584900545
-5505395789147619692
-408082130616082410
-4219811391436943127
-6706197256106877965
3476241425368598648
2414533649196684436
-5262412974933008224
5558292499684604610
6984479929229961548
5724701158631732962
-2081636596916072430
-2119710563022388160
-8153826026262899116
-995139058945833290
-5491682368990471582
1192108919793108234
-6915985044109462634
5589666216123231932
-6597758961282554592
791627682246369801
1580611870006160781
Matrix_5 shares[0]:
-7972390008863371029
1830574198903419290
5662091254860924505
-3761351045072064562
5892962886839334403
1063163030984396493
-4721144098822079238
214399878658607256
1212968329806066617
726657689758166236
8032194270130652625
312148070557886997
2077130526307040268
-2554580284022210268
-6373485098241916505
-4536850097559114848
7145765282936086654
5085501621101156545
-4496294131286998159
3670093551258579568
1211882143871123553
5618257560094361671
2806840546349091354
8082775652163372770
-5283591301866057943
-4083756306317734595
-879239334313581886
-1134386172340868805
1407686816871296732
9036195837001136767
-6305282106801420314
-1677657562794374810
-8075499818948168164
9197198386411779771
-4547686118478107085
-396210962261804677
-6592787078221543669
-8009738827603607295
-279379030287489643
-4282975339702782658
964973330976370008
-86996940925295191
3866618187559332842
2605123907524498529
-3913108602686194392
8638841165997321034
-4223051147119980265
4965168443083081677
6738471091768597693
687612363854256854
Matrix_5 shares[1]:
3110774690661800176
-1069124868732520624
-9023980196764222032
-5533327532482712366
-952979489606200022
5656443583850737390
-5547066042758958695
7103678842059528153
-8441032669726639760
-6954395618856465241
-77197313457373835
-2053360031794167088
-1740649994041138855
-1757744066833914771
-440239363742555858
-6112336300431768817
3551306381320608287
2857992119458023864
4980977099929595536
-6264670053905101500
-8241160274521614486
7419092702951630972
-1722689859925295589
-3357059260850494039
689147100965674340
4035313136343393437
-8141077761570947062
4167456843964337354
-2709113559173778326
8231423655998012717
415975754228555667
4069878134519723959
3704020998780501923
-6233563455110871456
-8176207287278038075
-747310394311931879
4347165318950436445
-7825171380726309
4643084978072821130
6686518423891959356
7055308704862554760
6830420768743333347
5912698629489464556
-1675201166180356880
2877724681653852659
3648559735497274503
-5420728557933874953
-6540954562978097742
6935745999009779842
-8483534839273601758
Matrix_6 shares[0]:
-7081005127944004482
2768814995038033997
-2268341756657834244
-7145123381544791856
-7322042891686356159
-2374494427716779635
-2666842255476787345
-1207852708355964190
-4156630217261532680
6738638029757454276
537264530123275348
8250512190643934559
-2192057050890688503
-6525848238577581387
5204609178529557640
5280056340733426644
-6579871018727391400
-6807336346438503814
4290846566911835751
1299862207147199929
-2560700114305664655
427199731251715666
288474314974205459
1360709546424104299
7464328557265343168
2972187956888892667
-748651066807570967
516139846255402347
7032192383984647638
-46028502643473973
-496848556536417872
6804511609162287767
3269477410145899271
-8007188106025491984
-1265029845872124243
3783881854734309182
-4960315022170366873
6003840251762753572
3032895144752142974
3317073454604177387
-34900616958601261
-7588713894790228312
-4061793255871113522
6269676762447852627
-153920388009922136
7661927211692300656
-6318324505678162704
3758871215056682721
-5364544055608454705
8738475518464959146
Matrix_6 shares[1]:
3651529119877276608
9124785693755202378
2758981230479348637
-5686036806349826483
-2439371533207087283
-1801374588784601284
6086265656726512061
133425097415643961
-2442996690785277792
7420694218145244101
-734031541191704653
5399104180439629174
8337884890329452231
-1851870319367459052
4098888791282860443
-4754792319402967925
-7858058729996612660
-2920953909366202647
652087331864646222
-7257479034190406992
-8283772960701351780
3101815256722115771
-7724414532052488201
-901616691116387478
1040764497692998918
-3882231397507548381
-8163510794461348896
4172555089267172693
7312699116572564615
-7739018676318640779
6214862676946159107
8591216407292454423
5800772320652708340
-3842831748582350593
2250292242427863063
-4891733449361731378
3526315238603027855
-6956702422883949781
5871483745639140520
-1902508401633936747
5390169289627984105
-7140399918501830007
3213416561395133996
7108153414200266137
-131387777064586450
3372313095927232800
-6500570274693850758
237239002654225396
996074002465798455
-7400442359074130755
