Matrix cols: 3
Matrix rows: 40
Matrix_0 shares[0]:
-257353049343065843
1230965964546199169
-4909966334016665990
-4735321909899578087
1712902561907424046
3560386810010900362
4607173788909255164
-625395196479054168
5673305390418395415
-6514792525555633311
7168222932330980022
-5442336233945472509
6556785005125463189
-4969327187740767422
-154475758856836219
-2185026556963077404
8173426113224376257
8966282377389266404
-3536685363977879794
-5261858737358747856
-4445007652842348454
-898236010641314902
-8956955168554130111
3816620090216847328
7663401270011904078
-3706138202074394669
6191219583238249978
-2650882824527289705
-4710695517846456632
-1981266060546810086
-7201664345931677136
-8854481377407398557
6507198002340301879
3002810103966050860
-4454285084372792944
2275280203607500404
-6583213207790583539
4021036820353936611
6686170660137191982
1924514409256685010
Matrix_0 shares[1]:
-5745994847998245097
-8189277183803535123
6507027145763317027
-7280648400340662930
2673176910910893906
-2201138683366782844
-493379738328945650
3631685591329316872
-8906225191906642254
2643244136511962116
5343268040805944952
-3164920937501220962
-7608649446628678333
-3897383361318932322
-2260397822538081697
8460368380326906884
4795622518761418245
2952126790573312958
964179803346129359
-8490783863715302228
2714465920108542847
-3830286634452097824
3652003481347168213
-5849377861437197688
6126948398564222018
-4099814487264695993
-1392847969916071690
1744953924147592003
-2446909781485301965
8402293206929739721
8511501689729886031
2756006281614132863
266951207276932196
-8656661141858004746
-9029205072172300264
8483814666661863687
3955492030636935017
1912641916919641715
-5295153240637645377
-4257588106110127854
Matrix_1 shares[0]:
-4561786817717092710
-2982151057029637151
-4455701897440869265
6853363923669053688
-7310272802261181062
7124345130304918563
7351051072748225683
3366771059724520898
1487417980338991585
7203822974679394520
-6274351546966500577
-9118434066411959511
4258798660146520141
-7658166988466791819
-1857976501978319282
-8682028311752927227
-8094460342476483629
7088249980476901085
-2579618262751757298
5811497797592275428
5523037069400283117
-7245244925206411163
4034588760751489205
-4785567412018304334
2919700656492497041
4398158933382162106
-4958860463148937362
-616418799633015931
6624013877903491767
-8601229329914502563
9018959855445155465
-117992062476570251
-118160402321302057
1328062451936292130
1007065705197964815
-2182052802188263311
2735915930327776173
9028132301337675444
-1392219380351178994
2741412152695413923
Matrix_1 shares[1]:
6801625075027691420
-2753302362713987170
3899043179467537940
-4285060165869357258
8484129469467762375
-2601853465070149677
5037871274285866092
3055786529609855493
-5816319296617621555
-2194452821178649661
-4680541470045798139
4588525864559467831
-2084704084524744671
-1082933765975689170
-2145814453720172973
3525661348979128850
3622110795653432063
-9039937164077690163
8893855079855760051
-8045141334769979037
-3492677782221680951
-8924454009536602636
-626417621442080262
3914713928443741166
-4977987895274383257
-9205468722178581358
-806616126442127379
2414672595655564358
-3329841964792078005
6129277774779207961
-6235692720771666923
-3727726610059057161
262466591167553313
-7100212692622870014
-617602965744475107
4228887734996531493
1212627694409511585
-7816066531577540568
2825118809498567787
1538498429819351575
Matrix_2 shares[0]:
5110839717373272568
1501464776490168843
4768983340193063819
-3646162767402856181
-752888447000751524
-385073257065535613
-5146689522126904721
-403117240171564330
-2559401656401812807
-7395194895234415127
-1413261472916757379
-6400225962565523108
-6224112941230435266
6557920484405660440
7984514192509653147
3698240635538709377
2633723080456848109
204484239340953295
-238488596935511838
-5303076843093169110
-223867878805187262
-2056939916448026520
-5511530903765526163
3904753599124049836
-7595327395581831759
7124056961153986045
8513557150468477569
4563171820830269810
2836021763113022544
1759193456349628100
-6000645252630613297
-1012380418810102074
5951124672888296726
-9110536147462059825
-2823578390465454538
-2136551956629850282
-2946624731624289159
5447167112310048822
-5857338894581285822
-158442393917802217
Matrix_2 shares[1]:
519824133383370081
-4882953633477345091
8496788068460719993
-4472901189498278471
-7758925264738762241
6050613217777008586
1464527259418831322
8366978520925820689
5851959421481590529
2899300237458976135
-6029780822178771113
-5527559771014014334
2751015181201833781
6255974088543755820
-3799440840678491333
-7243314948325299073
-2203469524702382356
-6610068652896059619
-177990377805011505
1908798034826070174
3950541781711806661
3697464246177948632
5666151284423666369
3645872104190820033
-1340303821142916815
-8423051651560478565
-4627736507663349743
3748186098245189220
-7120430728156771158
-2617433146107711514
1246858701961607782
344802751016008036
-295213192836462052
3657635019693619567
4952455612548488609
-3836263561347872131
-453831089570341640
-6775273803405491235
-2346745664497300074
-5593343322141164434
