Matrix cols: 3
Matrix rows: 40
Matrix_0 shares[0]:
-6561205195760383865
-3623680097638514776
862032917613411346
8231360499243753430
290015579541640815
-1478689368179881013
1364399840015461781
8196262826944104865
-1371397776607255372
-6081441827408753982
5683287849842995105
-1124337522740869004
-6191310260626118050
1775857195368975712
4708369957884639198
-7593293905020052470
-4685368686679144607
7497422956252601197
371291522668813562
2142276134001711510
3735379017471070600
3761258703284868929
7919594254263459947
-6182463025943527941
-5394096667435658502
2240392250499572199
-7588322102667176629
1516002977980699303
-630621699697607847
5960062643857898641
1895941918364735842
1734590557944767493
-5880578615596976987
-1463382441303839839
3025053257464386064
4039933888987550711
-2171999911233855228
-801441915711231601
9128637845969540691
3013994621616537984
Matrix_0 shares[1]:
821269245661967758
7400627432742703575
1800323287154415828
4470622806367159864
8557512997521354756
7545761814117456743
-7490068648918112848
3101815520458426924
3373519861329235676
8998116815532883888
85069630945022376
-3360628009566952204
-1260021087756150502
2263016968376814787
5734923315703588660
3241520852906813860
-8401863989991073156
7420657005946663066
-2408114164088871746
-7473043063695626156
6862254713880957688
-5714406000889925731
6349402555577168796
2888772312515527298
-2722780737196584821
-2801987498622583809
7991208904518563616
682308164054443055
-4603860936406041918
-225295678768990422
-1743610428011841272
-8859516280934786164
-2305469292238389808
-143558880846969972
6958522914132475067
7416294681244899557
-4721212269255346994
-5208774694706403965
4411337251859791117
-8701380870310857160
Matrix_1 shares[0]:
-6312008670834783213
8359466744486116978
-587972480848084155
5610207008017311709
-8791652225351681060
-7973463904908637295
4038129596685670447
-446809478276538115
-1578603172477771941
-3186313896791513180
-926965319042398827
-396531173228473586
7179596904770509287
-6708167337940995268
8487256227228542415
-3126910122969360266
1795907840572054801
1334978958067612353
4419870059569088664
4010548737062974627
-7624425640670024956
1356960760911054496
3845170060933930662
-3706726175952441391
8200479752364337911
-3171581406114343068
-5020609727222062789
490253748432084660
2780479132246582382
-5076049857313219501
8382108188889082649
6114978154452636538
-5676456272803140990
7624215421493083838
8989025182072726523
-3800346718795743143
-2963882406672170959
9018026850548855933
-649903679720441159
1980633268899343104
Matrix_1 shares[1]:
926988137295820951
4866253045616474124
586612426410169469
-7585232407353826060
5019891005519000353
-4018393982746393821
651681552627351020
5102631142173317070
1969465757662643333
8870865105906844033
2840665343405205206
6374353008990318535
5135320379288536456
-8497890612612265483
-6105798547739873517
-4520358437342342001
6948656138958998887
1867517105594413604
-6545355220953614209
4534854225237709600
-6222444285984389482
-5296087437485327258
-295642837479063337
-7936812651362903256
5722292491018561962
-1682552370638008135
2867404374609494150
267665888072475522
-5453913288058318587
2078483364530733607
5359043309293698253
1003482380628615262
2363115191620173041
-1487812306929667584
-1412596772328652192
-2800347109900753451
2262180360654629871
-2567612092555918987
-7394678542368268322
-7426172266828393303
Matrix_2 shares[0]:
5242117945958170583
6634148248821639601
198725282119451556
-90051784432765063
-4646504477978757210
-2300519830535823668
5618928186987342399
7962869332420083124
-7302913483548421310
-516402309038670350
-56290774166536756
301023147664280508
6031764042333977579
-6732296500937914995
1979800968443035266
-4697745929003686387
3032569540259009152
9019541435138696586
-4511641148474560168
-891722717809499313
-239861456182343045
8872816358887982496
2931208659689955157
-5911363287434706441
8137553538823698256
7908823554004255799
-3158341719963703293
5961518276342531438
6801912031679285039
7533068157727400843
-913401006963189074
-1625167256405240004
-4454686931939272743
7474952320421776858
3638927364434920056
-8757676296548973274
4808287474291849635
-8811913611971946292
-5054023185049607109
8181148494330273133
Matrix_2 shares[1]:
5217785804186658041
-7112339434316273083
4235947208598274618
1271648958489086466
-2400757900637299108
517562779237528061
-5230692798413977788
-5123101219915925421
4256121763226127535
-3395437675057152248
4727736571420340334
1875835601108433636
7466335659833387509
-5984614650531991276
-9104663713944369655
-293408662327982174
-5127285470215679576
1046048896172804636
4559613311561292619
7820292080183316386
1176522861541211670
6611896387444681168
1586849461143453350
2056938057872185679
-3665632085848194642
7632940928162072671
7486183119559580460
-800849379719658770
1530327498976182053
-8533935742705305077
1527995999857022830
-412916194128822773
3515511292763607502
-6321002675824400886
-5828018825207613132
8072802191169457464
-5973822284287913538
-2559495176704267006
3904668536258494466
-1997064975492091601
