Matrix cols: 2
Matrix rows: 25
Matrix_0 shares[0]:
-4772252367473532505
-377892538189708510
3011060720039869749
-114340520137137773
4390724951205909091
-2028502077740687431
-7951731677870057740
-6636528711552611650
-3223379228533923610
-2121873420995524625
-2008427190154131406
-7589587956631321347
7311059478538369046
1353534843907819693
-8604717697296480591
8863446482544763427
-6301184978698639490
3486559411615483806
-5584191285136080400
-4010902222826387041
4762189115330450496
-4433889391614615069
-6805558006176562489
2745574774532466139
-2837702492883393030
Matrix_0 shares[1]:
-5630177447417337485
-905957913281823495
187612341918575847
-6658154688124355883
-8995517556310826975
7524166186055559953
-2890533664645747620
-3265741618664765840
-1861786200654321262
3486473619439034711
-5655940403566687370
-351378697632070243
-3186913374474303960
8509585894274833203
2806050583538522585
-8960688896433135300
6016120332968440596
1311932640166317477
-6547280887184569246
2541691812925214276
-2325201630772922752
-3303178800067249987
-4966117019339983626
1571311020204924442
860719641211267668
Matrix_1 shares[0]:
-3634864961115494847
-4423012115081885290
3055481586605181502
5000638798144468355
-5032114784016382262
7142900752322157692
7168047748147535358
-1200537820693362453
-4111962532634644643
2009038814081874092
6685362833244396063
-1124975449475204398
8436103252202050975
522420937896034251
1087981118938225512
7227561579517569965
-3398977404231161942
-4245890637230049302
3979604543334229254
-3347336826123999606
-6076851241587177253
7948763712825724023
3580804105229004368
2261752424529085610
8172425274951227679
Matrix_1 shares[1]:
-7793377159561032499
-575592489773270183
-7357208249600934486
6842446177228128820
-1102619731349788843
-2743974202212088563
4760294395728641425
2410701289852320490
-6739447024422276870
-1396492379836498967
7466701359114233019
-9103549482340814516
253416587770488247
4401772983944501202
-5554171394550002439
3876006221652081186
-249267297471642266
-3177393067613548427
3728429731311054948
-3786941471942757887
-9028603428995985773
8151216299842101210
-816857757313302606
3341130010860239346
7795887148961092266
