Matrix cols: 2
Matrix rows: 25
Matrix_0 shares[0]:
-1862634323331669183
-7447971621667978079
3036658903657624324
3673507567649052930
-154258065174491341
6941312376111649831
-6455057467095557512
-3626601589233335810
-4731205258842773409
-864425851745964136
2093007550750018739
-3847172257965725692
-3770444051735660721
-1117179503554772966
5952262311918098324
-3937298796903671293
3612471085714067811
4141771368755253712
-5504221700617836495
-6029732448205774479
8281684511679309778
-867461519789364221
-7230010111335807097
8025519833526092645
-951017626343428921
Matrix_0 shares[1]:
880294275404817332
8503850544327705896
-9009621825828143728
-3185179548545840037
-673432906602531457
-7802641240292935922
-1520806811783496958
-4525545010501816272
-3971031687742501790
-3711711619690446659
3590159613444480128
-2857022489275087900
-4379985268711642863
2295248427210739924
5627782749187963303
7751792263906477618
-18938208484534679
4261915685281762848
9043707608249135183
23749068511040164
5196457131601486710
2836631756081003286
5532434070712130567
6455930950049524634
-6650091338198809489
Matrix_1 shares[0]:
-8587195632654722247
-1626691381602540603
7559750946087995357
-6206618486062384858
-2148563207713697933
-4243407526194731221
1061239608361419386
1904228694946346383
4898934589381248225
6273139193861636245
7716901138701834189
-5530383169274967818
5843270397326551410
5638666438221730241
3396762560220663412
6927220721328772721
-7913881160208522603
-9045985027022329042
-4803290511424015599
5076786794426841143
-6745426403386111905
-4988936964689680682
-6001428349472752450
2362131385574962643
-6134501489377775575
Matrix_1 shares[1]:
1001750231955947386
-6448468928400510429
5941377160794200539
-3355908676377667511
-6830470365809383395
-8460290071134707181
6406253764045574867
-8857503316200374469
2287962767357935178
6441692830036212109
4996989858934242096
8120122828744887081
930859440942932402
4059558766908067923
1639439008882384598
1028703965846516817
8521908551876385257
1422870423031978223
7476236101357414590
4753856344066924172
-6615759845146685941
929007186245251412
-4986333420099245186
8169417849832215619
6829843413110279738
