Matrix cols: 2
Matrix rows: 25
Matrix_0 shares[0]:
-5630177447417337485
-905957913281823495
187612341918575847
-6658154688124355883
-8995517556310826975
7524166186055559953
-2890533664645747620
-3265741618664765840
-1861786200654321262
3486473619439034711
-5655940403566687370
-351378697632070243
-3186913374474303960
8509585894274833203
2806050583538522585
-8960688896433135300
6016120332968440596
1311932640166317477
-6547280887184569246
2541691812925214276
-2325201630772922752
-3303178800067249987
-4966117019339983626
1571311020204924442
860719641211267668
Matrix_0 shares[1]:
-8044314258818681621
1283850451471532007
-3198673061958445595
6772495208261493659
4604792605104917890
-5495664108314872520
-7604478731193746251
-8544473743492174123
5085165429188244873
-1364600198443510085
7664367593720818778
7940966654263391591
-4124146104064065081
8583623335526898726
5798667113757958007
97242413888371877
285064645730198897
-4798492051781801282
-6315271901388901965
1469210409901172771
-2436987484557527740
7737068191681865061
-6675069048193005497
-4316885794737390580
1976982851672125367
Matrix_1 shares[0]:
-7793377159561032499
-575592489773270183
-7357208249600934486
6842446177228128820
-1102619731349788843
-2743974202212088563
4760294395728641425
2410701289852320490
-6739447024422276870
-1396492379836498967
7466701359114233019
-9103549482340814516
253416587770488247
4401772983944501202
-5554171394550002439
3876006221652081186
-249267297471642266
-3177393067613548427
3728429731311054948
-3786941471942757887
-9028603428995985773
8151216299842101210
-816857757313302606
3341130010860239346
7795887148961092266
Matrix_1 shares[1]:
-7018501953033024237
4998604604855155476
4301726662995752990
6603659098336954448
6134734515366171110
-4398926550110069122
6518401929833374837
-1210163469158958037
-7595334516652630103
-612546434245375069
4294679881350922534
-8218219141893532693
-8689519839972539200
-4924193921840535432
4466190275611776927
7343176272539900470
3648244701702804208
7423283704843597770
-7708034274645284179
7134278298066757518
-3341289403126388581
2346764061041726392
-2763946347915701756
-5602882435389324898
2478431649797231677
